16
10 10	
	   0   0   0   0   0   0   0   0   0   0
	   0   0   0   0   0   0   0   0   0   0
	   0   0   0   0   0   0   0   0   0   0
	   0   0   0   0   0   0   0   0   0   0
	   0   0   0   0   0   0   0   0   0   0
	   0   0   0   0   0 0.62718944336719539834 0.11505613010554535669 -0.28122116399278829224 -0.31932855119949260514 -0.10712106051297368148
	   0   0   0   0   0 0.11505613010554535669 1.1182003639277837692 -0.54668247406802150667 -3.0450592801140401455 0.3982311140000510119
	   0   0   0   0   0 -0.28122116399278829224 -0.54668247406802150667 11.977561107810618779 -11.242546669761805944 -52.901917294898986199
	   0   0   0   0   0 -0.31932855119949260514 -3.0450592801140401455 -11.242546669761805944 136.10205166358241513 66.92910740339615927
	   0   0   0   0   0 -0.10712106051297368148 0.3982311140000510119 -52.901917294898986199 66.92910740339615927 712.00139123936924079
	
10 10	
	   0   0   0   0   0   0   0   0   0   0
	   0   0   0   0   0   0   0   0   0   0
	   0   0   0   0   0   0   0   0   0   0
	   0   0   0   0   0   0   0   0   0   0
	   0   0   0   0   0   0   0   0   0   0
	   0   0   0   0   0 0.68157321794544545313 0.15718567623350251927 -0.31956752067050298027 -0.47119425221675020898 -0.055456962589031703892
	   0   0   0   0   0 0.15718567623350251927 1.1332182632864691296 -0.66971018311632335429 -3.1431184694838409932 0.33331419384646110426
	   0   0   0   0   0 -0.31956752067050298027 -0.66971018311632335429 12.687711035138539373 -10.029752306932630646 -66.777477352504703845
	   0   0   0   0   0 -0.47119425221675020898 -3.1431184694838409932 -10.029752306932630646 145.83253164075790664 89.70058622578441998
	   0   0   0   0   0 -0.055456962589031703892 0.33331419384646110426 -66.777477352504703845 89.70058622578441998 825.44326411509723584
	
10 10	
	   0   0   0   0   0   0   0   0   0   0
	   0   0   0   0   0   0   0   0   0   0
	   0   0   0   0   0   0   0   0   0   0
	   0   0   0   0   0   0   0   0   0   0
	   0   0   0   0   0   0   0   0   0   0
	   0   0   0   0   0 -0.25997398209961714022 -0.071807302457557828368 0.10804316405913697019 0.25325784727714434341 -0.041313347021650279056
	   0   0   0   0   0 -0.071807302457557828368 -0.37665188430958551624 0.26624199662165354274 0.83062967265535037065 0.38520259336234002889
	   0   0   0   0   0 0.10804316405913697019 0.26624199662165354274 -3.410805084242402696 0.63761556185987611212 21.618445798173087979
	   0   0   0   0   0 0.25325784727714434341 0.83062967265535037065 0.63761556185987611212 -34.745294162222407408 -37.997581607987953589
	   0   0   0   0   0 -0.041313347021650279056 0.38520259336234002889 21.618445798173087979 -37.997581607987953589 -230.57488308323587489
	
10 10	
	   0   0   0   0   0   0   0   0   0   0
	   0   0   0   0   0   0   0   0   0   0
	   0   0   0   0   0   0   0   0   0   0
	   0   0   0   0   0   0   0   0   0   0
	   0   0   0   0   0   0   0   0   0   0
	   0   0   0   0   0 0.12837495260779327455 0.020357178301687713085 -0.09333341211657397718 0.059556559455160557048 -0.10303163452286301371
	   0   0   0   0   0 0.020357178301687713085 0.24940806592863998259 0.035391384488232889571 -1.0010465015347171924 -0.039189373388711472301
	   0   0   0   0   0 -0.09333341211657397718 0.035391384488232889571 2.48418398377744154 -4.2051287503767564857 -4.932776259768478333
	   0   0   0   0   0 0.059556559455160557048 -1.0010465015347171924 -4.2051287503767564857 33.048549402622903415 2.2826712279769751923
	   0   0   0   0   0 -0.10303163452286301371 -0.039189373388711472301 -4.932776259768478333 2.2826712279769751923 117.98941462065948826
	
10 10	
	   0   0   0   0   0   0   0   0   0   0
	   0   0   0   0   0   0   0   0   0   0
	   0   0   0   0   0   0   0   0   0   0
	   0   0   0   0   0   0   0   0   0   0
	   0   0   0   0   0   0   0   0   0   0
	   0   0   0   0   0 -0.70760267286926370467 -0.17480696947558485577 0.34016163980096353336 0.48695935140134416486 0.0040346193874570834836
	   0   0   0   0   0 -0.17480696947558485577 -1.1035767126263626992 0.56005229301134107356 2.6110329121367801264 0.87857676456887989769
	   0   0   0   0   0 0.34016163980096353336 0.56005229301134107356 -10.377606444482935899 6.8050065408704387693 50.007723418415444883
	   0   0   0   0   0 0.48695935140134416486 2.6110329121367801264 6.8050065408704387693 -111.43103946672209759 -82.290301293431156182
	   0   0   0   0   0 0.0040346193874570834836 0.87857676456887989769 50.007723418415444883 -82.290301293431156182 -620.9870561148654815
	
10 10	
	   0   0   0   0   0   0   0   0   0   0
	   0   0   0   0   0   0   0   0   0   0
	   0   0   0   0   0   0   0   0   0   0
	   0   0   0   0   0   0   0   0   0   0
	   0   0   0   0   0   0   0   0   0   0
	   0   0   0   0   0 -0.062764731522546413078 -0.015305006659516654302 0.030130664794565113068 0.042683807543065152568 0.0028889747950492138465
	   0   0   0   0   0 -0.015305006659516654302 -0.099502248257805361864 0.053289028944661427645 0.24881392141701513809 0.031590956765407324225
	   0   0   0   0   0 0.030130664794565113068 0.053289028944661427645 -0.94287396317535798751 0.62572663936909533877 4.7316205585843418291
	   0   0   0   0   0 0.042683807543065152568 0.24881392141701513809 0.62572663936909533877 -10.388313789756548289 -7.1125920786963616749
	   0   0   0   0   0 0.0028889747950492138465 0.031590956765407324225 4.7316205585843418291 -7.1125920786963616749 -57.516078481725990912
	
10 10	
	   0   0   0   0   0   0   0   0   0   0
	   0   0   0   0   0   0   0   0   0   0
	   0   0   0   0   0   0   0   0   0   0
	   0   0   0   0   0   0   0   0   0   0
	   0   0   0   0   0   0   0   0   0   0
	   0   0   0   0   0 0.025392123326940008871 0.0056942507050413496139 -0.01235502433790446053 -0.016537065774871191615 -0.001187284010596782605
	   0   0   0   0   0 0.0056942507050413496139 0.042079145427801910306 -0.021137956238743201703 -0.10488855463889393271 -0.023986110654725979752
	   0   0   0   0   0 -0.01235502433790446053 -0.021137956238743201703 0.38024842851768586582 -0.23813322814642703951 -1.8819145295828429987
	   0   0   0   0   0 -0.016537065774871191615 -0.10488855463889393271 -0.23813322814642703951 4.2996894221316104279 2.8643028228051008455
	   0   0   0   0   0 -0.001187284010596782605 -0.023986110654725979752 -1.8819145295828429987 2.8643028228051008455 23.281593304005852474
	
10 10	
	   0   0   0   0   0   0   0   0   0   0
	   0   0   0   0   0   0   0   0   0   0
	   0   0   0   0   0   0   0   0   0   0
	   0   0   0   0   0   0   0   0   0   0
	   0   0   0   0   0   0   0   0   0   0
	   0   0   0   0   0 -0.17333261153901149965 -0.042664644941506110754 0.082991465726945296 0.11995680209449989528 0.0040351361497688656432
	   0   0   0   0   0 -0.042664644941506110754 -0.27155178142640679084 0.14605231898912979238 0.63931910562259208763 0.11429615156193981274
	   0   0   0   0   0 0.082991465726945296 0.14605231898912979238 -2.5939170074207940075 1.7713096399770846823 12.578657083268197425
	   0   0   0   0   0 0.11995680209449989528 0.63931910562259208763 1.7713096399770846823 -27.910226207557087719 -19.672551771865730785
	   0   0   0   0   0 0.0040351361497688656432 0.11429615156193981274 12.578657083268197425 -19.672551771865730785 -155.26707973204705127
	
10 10	
	   0   0   0   0   0   0   0   0   0   0
	   0   0   0   0   0   0   0   0   0   0
	   0   0   0   0   0   0   0   0   0   0
	   0   0   0   0   0   0   0   0   0   0
	   0   0   0   0   0   0   0   0   0   0
	   0   0   0   0   0 0.035262435614452636301 0.0085533748430089047432 -0.016943080387366957207 -0.023998013119432323736 -0.0013858422994585759686
	   0   0   0   0   0 0.0085533748430089047432 0.055975981674461355864 -0.029821158958781925769 -0.13756341795836982134 -0.021216180712124148994
	   0   0   0   0   0 -0.016943080387366957207 -0.029821158958781925769 0.52895752680179908278 -0.35214014124907516701 -2.6250697735568486735
	   0   0   0   0   0 -0.023998013119432323736 -0.13756341795836982134 -0.35214014124907516701 5.8056908548251149327 3.9977557694339909133
	   0   0   0   0   0 -0.0013858422994585759686 -0.021216180712124148994 -2.6250697735568486735 3.9977557694339909133 32.11348940923718942
	
10 10	
	   0   0   0   0   0   0   0   0   0   0
	   0   0   0   0   0   0   0   0   0   0
	   0   0   0   0   0   0   0   0   0   0
	   0   0   0   0   0   0   0   0   0   0
	   0   0   0   0   0   0   0   0   0   0
	   0   0   0   0   0 0.87215345642050812192 0.2138794311312154639 -0.4178376494510797623 -0.60518025457890678442 -0.011868637532325025663
	   0   0   0   0   0 0.2138794311312154639 1.3656186427892746948 -0.72930924341345670925 -3.1337932573776869916 -0.68640425898090429158
	   0   0   0   0   0 -0.4178376494510797623 -0.72930924341345670925 13.00755169707634451 -8.915701892414780616 -62.087515852822889428
	   0   0   0   0   0 -0.60518025457890678442 -3.1337932573776869916 -8.915701892414780616 138.96496968032113273 98.942009665125198126
	   0   0   0   0   0 -0.011868637532325025663 -0.68640425898090429158 -62.087515852822889428 98.942009665125198126 772.65226744324411357
	
10 10	
	   0   0   0   0   0   0   0   0   0   0
	   0   0   0   0   0   0   0   0   0   0
	   0   0   0   0   0   0   0   0   0   0
	   0   0   0   0   0   0   0   0   0   0
	   0   0   0   0   0   0   0   0   0   0
	   0   0   0   0   0 0.029396178047436952174 0.0072448757267813855207 -0.014081420700750588507 -0.02024112740751756595 -0.00097772628863569449771
	   0   0   0   0   0 0.0072448757267813855207 0.046158220450805434454 -0.024919683996270310805 -0.11160904073839923722 -0.016468785872475365933
	   0   0   0   0   0 -0.014081420700750588507 -0.024919683996270310805 0.44087773855980211257 -0.29885508594140758332 -2.172586798274967812
	   0   0   0   0   0 -0.02024112740751756595 -0.11160904073839923722 -0.29885508594140758332 4.7854814622816821412 3.3359186147918511445
	   0   0   0   0   0 -0.00097772628863569449771 -0.016468785872475365933 -2.172586798274967812 3.3359186147918511445 26.594440935461864939
	
10 10	
	   0   0   0   0   0   0   0   0   0   0
	   0   0   0   0   0   0   0   0   0   0
	   0   0   0   0   0   0   0   0   0   0
	   0   0   0   0   0   0   0   0   0   0
	   0   0   0   0   0   0   0   0   0   0
	   0   0   0   0   0 0.089127694873724891411 0.021892731967291311629 -0.042672513991942780109 -0.061814726217445520318 -0.001600682591861046257
	   0   0   0   0   0 0.021892731967291311629 0.13959779997665736073 -0.075042165279215020113 -0.32352352958389679616 -0.063145119186193907068
	   0   0   0   0   0 -0.042672513991942780109 -0.075042165279215020113 1.3341688633657935448 -0.91672880639710740969 -6.4096512699711638561
	   0   0   0   0   0 -0.061814726217445520318 -0.32352352958389679616 -0.91672880639710740969 14.29347660424403621 10.121996645040084672
	   0   0   0   0   0 -0.001600682591861046257 -0.063145119186193907068 -6.4096512699711638561 10.121996645040084672 79.499144519855320823
	
10 10	
	   0   0   0   0   0   0   0   0   0   0
	   0   0   0   0   0   0   0   0   0   0
	   0   0   0   0   0   0   0   0   0   0
	   0   0   0   0   0   0   0   0   0   0
	   0   0   0   0   0   0   0   0   0   0
	   0   0   0   0   0 0.02185519878901908894 0.0052038028920011808118 -0.010557342066651110787 -0.014459586319463155549 -0.001530250636940362792
	   0   0   0   0   0 0.0052038028920011808118 0.035371818356005106654 -0.018623969422579073063 -0.093799367317651025089 -0.0099402412217678755985
	   0   0   0   0   0 -0.010557342066651110787 -0.018623969422579073063 0.32859630245428195217 -0.20859756020804717802 -1.7042281610176843731
	   0   0   0   0   0 -0.014459586319463155549 -0.093799367317651025089 -0.20859756020804717802 3.7308650350242555938 2.4664726657274917976
	   0   0   0   0   0 -0.001530250636940362792 -0.0099402412217678755985 -1.7042281610176843731 2.4664726657274917976 20.447947980083355901
	
10 10	
	   0   0   0   0   0   0   0   0   0   0
	   0   0   0   0   0   0   0   0   0   0
	   0   0   0   0   0   0   0   0   0   0
	   0   0   0   0   0   0   0   0   0   0
	   0   0   0   0   0   0   0   0   0   0
	   0   0   0   0   0 -0.0087386062151821024963 -0.0020511266249919990305 0.0042595019250557166618 0.006170335040385683395 -0.00090618108984601912319
	   0   0   0   0   0 -0.0020511266249919990305 -0.013551066942106499216 0.0061153625720104789684 0.021908204157151861535 0.024762188906458815207
	   0   0   0   0   0 0.0042595019250557166618 0.0061153625720104789684 -0.11717985118405205291 0.075627570145935851809 0.44171937261677191033
	   0   0   0   0   0 0.006170335040385683395 0.021908204157151861535 0.075627570145935851809 -1.1345323144655616865 -0.94434306952367230714
	   0   0   0   0   0 -0.00090618108984601912319 0.024762188906458815207 0.44171937261677191033 -0.94434306952367230714 -6.2209991698364106583
	
10 10	
	   0   0   0   0   0   0   0   0   0   0
	   0   0   0   0   0   0   0   0   0   0
	   0   0   0   0   0   0   0   0   0   0
	   0   0   0   0   0   0   0   0   0   0
	   0   0   0   0   0   0   0   0   0   0
	   0   0   0   0   0 0.21094552882409217665 0.051769474029205050924 -0.10106375397974454167 -0.14635855427620098057 -0.0030479379059403042401
	   0   0   0   0   0 0.051769474029205050924 0.33021089281382876024 -0.1764254584706332063 -0.7590083316263811497 -0.16406598749268280768
	   0   0   0   0   0 -0.10106375397974454167 -0.1764254584706332063 3.1436324491757097199 -2.151893791725004057 -15.022388023890583142
	   0   0   0   0   0 -0.14635855427620098057 -0.7590083316263811497 -2.151893791725004057 33.592830821388581342 23.903469340193208126
	   0   0   0   0   0 -0.0030479379059403042401 -0.16406598749268280768 -15.022388023890583142 23.903469340193208126 186.82410009318357424
	
10 10	
	   0   0   0   0   0   0   0   0   0   0
	   0   0   0   0   0   0   0   0   0   0
	   0   0   0   0   0   0   0   0   0   0
	   0   0   0   0   0   0   0   0   0   0
	   0   0   0   0   0   0   0   0   0   0
	   0   0   0   0   0 1.0940454472177343348 0.2682851299036234094 -0.52423349217264447741 -0.75943468194805519023 -0.014250412978585216828
	   0   0   0   0   0 0.2682851299036234094 1.7126446263074530663 -0.91460021994539186796 -3.918155227971488852 -0.86531661947760629694
	   0   0   0   0   0 -0.52423349217264447741 -0.91460021994539186796 16.296647246462818259 -11.167314914536603965 -77.661525078481602691
	   0   0   0   0   0 -0.75943468194805519023 -3.918155227971488852 -11.167314914536603965 173.93054939678046367 123.86229428149582077
	   0   0   0   0   0 -0.014250412978585216828 -0.86531661947760629694 -77.661525078481602691 123.86229428149582077 966.93852162095936364
	
