30	
	  6 6	
	 -0.0001159235665 0.0001600764347 -9.957565847e-05 0.0001111633158 0.0001034973057 -4.659508894e-05
	 0.0001600764347 -0.0002791218375 0.0002135811365 -0.0002052805241 -0.0002083485199 0.0001055472141
	 -9.957565847e-05 0.0002135811365 -0.0002643848257 0.000268972117 0.0002680809118 -0.0001542375322
	 0.0001111633158 -0.0002052805241 0.000268972117 -0.0003754890227 -0.000413012092 0.000195339933
	 0.0001034973057 -0.0002083485199 0.0002680809118 -0.000413012092 -0.0005831060098 0.0003699869931
	 -4.659508894e-05 0.0001055472141 -0.0001542375322 0.000195339933 0.0003699869931 -0.0006437977149
		  6 6	
	 1.356887e-05 -6.310141325e-05 8.47586841e-05 -8.339542603e-05 -0.0001052449867 6.73039236e-05
	 -6.310141325e-05 9.870111124e-05 -5.776690685e-05 7.206729242e-05 7.947467292e-05 -5.920219266e-05
	 8.47586841e-05 -5.776690685e-05 -5.599750604e-05 9.390640282e-06 4.898048396e-07 3.492078362e-05
	 -8.339542603e-05 7.206729242e-05 9.390640282e-06 -1.169713724e-05 -1.058476835e-05 -7.302600974e-05
	 -0.0001052449867 7.947467292e-05 4.898048396e-07 -1.058476835e-05 -0.0001024630302 -5.502459809e-06
	 6.73039236e-05 -5.920219266e-05 3.492078362e-05 -7.302600974e-05 -5.502459809e-06 -0.0003099845374
		  6 6	
	 3.608797268e-06 2.580263497e-06 -2.955808012e-05 3.253881262e-05 3.641890389e-05 -2.918772691e-05
	 2.580263497e-06 -8.525796e-05 0.0001215061326 -6.830867199e-05 -5.531417832e-05 -1.644218733e-05
	 -2.955808012e-05 0.0001215061326 -0.0001042662238 4.606620329e-05 1.582377201e-05 7.338249377e-05
	 3.253881262e-05 -6.830867199e-05 4.606620329e-05 -5.197978773e-05 -3.888436008e-05 -3.464352563e-05
	 3.641890389e-05 -5.531417832e-05 1.582377201e-05 -3.888436008e-05 -5.98355428e-05 -1.285391823e-05
	 -2.918772691e-05 -1.644218733e-05 7.338249377e-05 -3.464352563e-05 -1.285391823e-05 -5.827552053e-05
		  6 6	
	 1.191341697e-05 -2.169870561e-05 3.127755733e-05 -5.639910762e-05 -7.52820653e-05 5.753999776e-05
	 -2.169870561e-05 1.831089877e-05 -5.358287355e-05 0.0001139898536 0.0001313777271 -8.796709141e-05
	 3.127755733e-05 -5.358287355e-05 5.902052709e-05 -7.485544607e-05 -8.929100946e-05 5.993473004e-05
	 -5.639910762e-05 0.0001139898536 -7.485544607e-05 4.205313806e-05 5.560031303e-05 -4.835797537e-05
	 -7.52820653e-05 0.0001313777271 -8.929100946e-05 5.560031303e-05 2.296009159e-05 -8.13643121e-06
	 5.753999776e-05 -8.796709141e-05 5.993473004e-05 -4.835797537e-05 -8.13643121e-06 -0.0001258831719
		  6 6	
	 -3.094486437e-06 -2.584706576e-06 7.663242278e-06 -1.664460835e-06 -8.985569282e-06 1.303344875e-05
	 -2.584706576e-06 3.202776804e-05 -2.527932758e-05 8.200490733e-06 1.789501156e-05 4.401887778e-06
	 7.663242278e-06 -2.527932758e-05 2.72019399e-05 -2.885191568e-05 -1.188499012e-05 -2.28407968e-05
	 -1.664460835e-06 8.200490733e-06 -2.885191568e-05 4.815425534e-05 4.18168998e-05 7.356128211e-06
	 -8.985569282e-06 1.789501156e-05 -1.188499012e-05 4.18168998e-05 7.04670927e-05 2.617864426e-06
	 1.303344875e-05 4.401887778e-06 -2.28407968e-05 7.356128211e-06 2.617864426e-06 7.118913263e-05
	
	  6 6	
	 -6.266414922e-06 1.076686762e-05 -1.916162887e-05 3.267688854e-05 3.902587294e-05 -3.276923172e-05
	 1.076686762e-05 -1.502849558e-05 4.075327536e-05 -6.553090339e-05 -7.29381735e-05 6.498178696e-05
	 -1.916162887e-05 4.075327536e-05 -3.572906603e-05 3.969281764e-05 5.826556353e-05 -4.009871145e-05
	 3.267688854e-05 -6.553090339e-05 3.969281764e-05 -2.733184946e-05 -3.444866641e-05 2.575018262e-05
	 3.902587294e-05 -7.29381735e-05 5.826556353e-05 -3.444866641e-05 -5.210651281e-06 1.320973954e-05
	 -3.276923172e-05 6.498178696e-05 -4.009871145e-05 2.575018262e-05 1.320973954e-05 9.903215007e-05
		  6 6	
	 -2.169134461e-06 -1.364385188e-06 3.33294869e-06 -7.982202163e-07 -7.207728733e-06 7.68754752e-06
	 -1.364385188e-06 1.701601708e-05 -1.318083561e-05 8.786457667e-06 1.314216285e-05 -3.74311862e-06
	 3.33294869e-06 -1.318083561e-05 2.219589888e-05 -2.499427996e-05 -7.310664231e-06 1.578237218e-06
	 -7.982202163e-07 8.786457667e-06 -2.499427996e-05 3.499761693e-05 3.035148385e-05 -7.401180042e-07
	 -7.207728733e-06 1.314216285e-05 -7.310664231e-06 3.035148385e-05 5.425009573e-05 -3.021438958e-06
	 7.68754752e-06 -3.74311862e-06 1.578237218e-06 -7.401180042e-07 -3.021438958e-06 4.921951525e-05
		  6 6	
	 -4.841503618e-06 8.25610083e-06 -1.580663643e-05 2.517605963e-05 3.020688484e-05 -2.641563604e-05
	 8.25610083e-06 -1.124866335e-05 2.967270543e-05 -4.615667186e-05 -5.513787995e-05 4.649093675e-05
	 -1.580663643e-05 2.967270543e-05 -1.998302063e-05 2.475566633e-05 4.307911738e-05 -2.397726385e-05
	 2.517605963e-05 -4.615667186e-05 2.475566633e-05 -1.854567025e-05 -2.500846013e-05 2.645596941e-05
	 3.020688484e-05 -5.513787995e-05 4.307911738e-05 -2.500846013e-05 1.141087712e-06 2.365976952e-05
	 -2.641563604e-05 4.649093675e-05 -2.397726385e-05 2.645596941e-05 2.365976952e-05 5.006053707e-05
		  6 6	
	 1.443081973e-06 1.275750622e-06 -2.777688883e-06 2.006844533e-06 7.436824114e-06 -7.546020235e-06
	 1.275750622e-06 -1.26621553e-05 1.129552526e-05 -1.11512548e-05 -1.576515117e-05 5.377064022e-06
	 -2.777688883e-06 1.129552526e-05 -1.997269901e-05 2.301369233e-05 1.258449858e-05 -3.244624106e-06
	 2.006844533e-06 -1.11512548e-05 2.301369233e-05 -2.858039574e-05 -2.698879504e-05 9.552781429e-07
	 7.436824114e-06 -1.576515117e-05 1.258449858e-05 -2.698879504e-05 -3.921420916e-05 -4.452375146e-06
	 -7.546020235e-06 5.377064022e-06 -3.244624106e-06 9.552781429e-07 -4.452375146e-06 -2.499592705e-05
		  6 6	
	 3.153966829e-06 -5.525442005e-06 1.054396756e-05 -1.642891662e-05 -1.925975971e-05 1.740136948e-05
	 -5.525442005e-06 8.992298753e-06 -2.163370984e-05 3.167489062e-05 3.697433897e-05 -3.028762225e-05
	 1.054396756e-05 -2.163370984e-05 1.593517946e-05 -1.936145498e-05 -3.060322603e-05 1.399452584e-05
	 -1.642891662e-05 3.167489062e-05 -1.936145498e-05 1.52780043e-05 1.87882073e-05 -2.016630701e-05
	 -1.925975971e-05 3.697433897e-05 -3.060322603e-05 1.87882073e-05 5.664947581e-06 -2.181538845e-05
	 1.740136948e-05 -3.028762225e-05 1.399452584e-05 -2.016630701e-05 -2.181538845e-05 -3.852548015e-05
	
	  6 6	
	 2.306582364e-06 -1.916628438e-06 3.327114285e-06 -6.238543787e-06 -4.078235389e-06 3.624082172e-06
	 -1.916628438e-06 -2.794216096e-06 -3.386578886e-06 7.077250455e-06 5.546374435e-06 -8.23312747e-06
	 3.327114285e-06 -3.386578886e-06 -4.396883081e-06 5.228082913e-06 -3.112839553e-06 -1.136966913e-06
	 -6.238543787e-06 7.077250455e-06 5.228082913e-06 -8.446241476e-06 -7.404887368e-06 -1.675353786e-07
	 -4.078235389e-06 5.546374435e-06 -3.112839553e-06 -7.404887368e-06 -1.898702997e-05 -6.187412147e-07
	 3.624082172e-06 -8.23312747e-06 -1.136966913e-06 -1.675353786e-07 -6.187412147e-07 -2.697474826e-05
		  6 6	
	 -2.847271725e-06 3.654365683e-06 -6.904891243e-06 1.099539186e-05 1.112801233e-05 -1.074603436e-05
	 3.654365683e-06 -2.510050263e-06 1.159559396e-05 -1.786871518e-05 -2.154617942e-05 2.143219404e-05
	 -6.904891243e-06 1.159559396e-05 -3.363333371e-06 5.748482194e-06 1.925145366e-05 -8.360567147e-06
	 1.099539186e-05 -1.786871518e-05 5.748482194e-06 -3.61240411e-06 -7.82205183e-06 1.216421557e-05
	 1.112801233e-05 -2.154617942e-05 1.925145366e-05 -7.82205183e-06 7.351284911e-06 1.104685462e-05
	 -1.074603436e-05 2.143219404e-05 -8.360567147e-06 1.216421557e-05 1.104685462e-05 2.897587135e-05
		  6 6	
	 -8.095655411e-07 7.296949317e-08 -1.90594242e-07 9.091762118e-07 -6.055337068e-07 5.974672755e-07
	 7.296949317e-08 4.585716298e-06 -3.618436431e-06 3.211640552e-06 5.218404976e-06 -7.0801068e-07
	 -1.90594242e-07 -3.618436431e-06 8.154961208e-06 -9.380039699e-06 -7.97384283e-06 4.863293023e-06
	 9.091762118e-07 3.211640552e-06 -9.380039699e-06 9.645257026e-06 1.071307023e-05 -6.479462179e-06
	 -6.055337068e-07 5.218404976e-06 -7.97384283e-06 1.071307023e-05 1.614033109e-05 -8.860331007e-06
	 5.974672755e-07 -7.0801068e-07 4.863293023e-06 -6.479462179e-06 -8.860331007e-06 9.191840423e-06
		  6 6	
	 2.507768168e-06 -2.832524574e-06 5.355695924e-06 -8.544131557e-06 -7.903728493e-06 7.842760789e-06
	 -2.832524574e-06 4.136221254e-07 -7.57881352e-06 1.24210824e-05 1.412389033e-05 -1.441165955e-05
	 5.355695924e-06 -7.57881352e-06 -7.271494682e-07 -1.333916203e-06 -1.20039802e-05 3.462142995e-06
	 -8.544131557e-06 1.24210824e-05 -1.333916203e-06 -5.94905465e-07 1.394834565e-06 -7.659024292e-06
	 -7.903728493e-06 1.412389033e-05 -1.20039802e-05 1.394834565e-06 -1.189345054e-05 -8.345268011e-06
	 7.842760789e-06 -1.441165955e-05 3.462142995e-06 -7.659024292e-06 -8.345268011e-06 -2.819810026e-05
		  6 6	
	 1.25199942e-08 6.832254014e-07 -9.614551541e-07 1.059326647e-06 2.110173339e-06 -2.986369684e-06
	 6.832254014e-07 -7.001795571e-06 9.202760215e-06 -1.039993368e-05 -1.481459629e-05 5.594315828e-06
	 -9.614551541e-07 9.202760215e-06 -1.141748062e-05 1.352739651e-05 2.080935659e-05 -6.689204087e-06
	 1.059326647e-06 -1.039993368e-05 1.352739651e-05 -9.93579864e-06 -1.441893349e-05 9.594462054e-06
	 2.110173339e-06 -1.481459629e-05 2.080935659e-05 -1.441893349e-05 -1.102707466e-05 6.055796908e-06
	 -2.986369684e-06 5.594315828e-06 -6.689204087e-06 9.594462054e-06 6.055796908e-06 1.203827562e-05
	
	  6 6	
	 -2.889711034e-06 3.446304358e-06 -6.672189413e-06 1.052527198e-05 1.000161965e-05 -9.646409222e-06
	 3.446304358e-06 -1.906848183e-06 1.094047809e-05 -1.654375894e-05 -1.903382932e-05 1.791836253e-05
	 -6.672189413e-06 1.094047809e-05 -1.031548924e-06 2.875405664e-06 1.557642457e-05 -4.178008693e-06
	 1.052527198e-05 -1.654375894e-05 2.875405664e-06 4.771390307e-07 -2.092366049e-06 1.036088857e-05
	 1.000161965e-05 -1.903382932e-05 1.557642457e-05 -2.092366049e-06 1.403388406e-05 9.469149113e-06
	 -9.646409222e-06 1.791836253e-05 -4.178008693e-06 1.036088857e-05 9.469149113e-06 4.004165653e-05
		  6 6	
	 3.472885479e-07 -1.999044187e-06 3.444247125e-06 -4.849138148e-06 -8.104747886e-06 8.005449523e-06
	 -1.999044187e-06 1.162008248e-05 -1.494528117e-05 1.643329844e-05 2.24068346e-05 -1.129779585e-05
	 3.444247125e-06 -1.494528117e-05 1.577061349e-05 -1.683950434e-05 -2.298275551e-05 6.864455369e-06
	 -4.849138148e-06 1.643329844e-05 -1.683950434e-05 1.286202097e-05 1.593743714e-05 -7.268579582e-06
	 -8.104747886e-06 2.24068346e-05 -2.298275551e-05 1.593743714e-05 8.966213113e-06 -2.285733634e-06
	 8.005449523e-06 -1.129779585e-05 6.864455369e-06 -7.268579582e-06 -2.285733634e-06 -5.38811211e-06
		  6 6	
	 2.159540899e-06 -6.778689572e-06 1.47420856e-05 -2.221991027e-05 -3.166597686e-05 2.780873721e-05
	 -6.778689572e-06 1.434689524e-05 -2.53956362e-05 3.572019276e-05 4.501926374e-05 -4.528624212e-05
	 1.47420856e-05 -2.53956362e-05 2.404497751e-05 -2.705891629e-05 -2.241058923e-05 2.160180384e-05
	 -2.221991027e-05 3.572019276e-05 -2.705891629e-05 2.96422308e-05 2.773072189e-05 -2.449184219e-05
	 -3.166597686e-05 4.501926374e-05 -2.241058923e-05 2.773072189e-05 2.904672273e-05 -2.634146852e-05
	 2.780873721e-05 -4.528624212e-05 2.160180384e-05 -2.449184219e-05 -2.634146852e-05 6.181576799e-06
		  6 6	
	 8.80781277e-07 -2.27155614e-06 6.895318101e-06 -1.044180208e-05 -1.427555545e-05 1.155484498e-05
	 -2.27155614e-06 -3.004059994e-06 -9.650226161e-07 7.257909713e-06 9.969478127e-06 -2.158510855e-05
	 6.895318101e-06 -9.650226161e-07 -2.67475233e-06 -3.566530825e-08 5.277179087e-06 1.123936036e-05
	 -1.044180208e-05 7.257909713e-06 -3.566530825e-08 6.240817514e-06 5.998923007e-06 -1.261968192e-05
	 -1.427555545e-05 9.969478127e-06 5.277179087e-06 5.998923007e-06 1.148208473e-05 -1.365762035e-05
	 1.155484498e-05 -2.158510855e-05 1.123936036e-05 -1.261968192e-05 -1.365762035e-05 5.642512237e-06
		  6 6	
	 2.76261054e-06 -3.84022801e-06 1.010757121e-05 -1.437805697e-05 -1.651654067e-05 1.346006798e-05
	 -3.84022801e-06 -9.257931594e-06 4.592632268e-06 3.610380951e-06 3.578850048e-06 -2.510236325e-05
	 1.010757121e-05 4.592632268e-06 -1.577582593e-05 9.731120367e-06 1.536686601e-05 9.455657703e-06
	 -1.437805697e-05 3.610380951e-06 9.731120367e-06 2.340395626e-06 1.710114309e-06 -1.274118771e-05
	 -1.651654067e-05 3.578850048e-06 1.536686601e-05 1.710114309e-06 8.485465101e-06 -1.509600457e-05
	 1.346006798e-05 -2.510236325e-05 9.455657703e-06 -1.274118771e-05 -1.509600457e-05 -1.623481037e-05
	
	  6 6	
	 -2.000353754e-06 1.709358907e-06 -3.04197521e-06 5.145012243e-06 4.923771408e-06 -5.992521171e-06
	 1.709358907e-06 1.083291734e-06 3.501237481e-06 -6.996544635e-06 -1.067740823e-05 1.155603391e-05
	 -3.04197521e-06 3.501237481e-06 3.339711535e-06 -1.142054791e-06 9.283829095e-06 -2.763792092e-06
	 5.145012243e-06 -6.996544635e-06 -1.142054791e-06 3.551869324e-06 4.996194093e-07 7.9526293e-06
	 4.923771408e-06 -1.067740823e-05 9.283829095e-06 4.996194093e-07 1.07922069e-05 3.569335112e-06
	 -5.992521171e-06 1.155603391e-05 -2.763792092e-06 7.9526293e-06 3.569335112e-06 3.745847976e-05
		  6 6	
	 8.483429349e-07 -1.808581953e-06 4.247472436e-06 -6.374587209e-06 -7.357293151e-06 7.152539726e-06
	 -1.808581953e-06 1.700532557e-06 -8.052708503e-06 1.490053262e-05 1.166488342e-05 5.204893495e-06
	 4.247472436e-06 -8.052708503e-06 1.276503333e-05 -1.601660508e-05 -5.473951431e-06 -2.216004968e-05
	 -6.374587209e-06 1.490053262e-05 -1.601660508e-05 1.698646207e-05 6.095683579e-06 2.08788459e-05
	 -7.357293151e-06 1.166488342e-05 -5.473951431e-06 6.095683579e-06 4.397908097e-06 8.278674592e-06
	 7.152539726e-06 5.204893495e-06 -2.216004968e-05 2.08788459e-05 8.278674592e-06 3.180183343e-05
		  6 6	
	 1.947765431e-06 -1.486544152e-06 4.540644209e-06 -4.980513809e-06 -2.349848154e-06 1.692075228e-06
	 -1.486544152e-06 -8.55563288e-06 5.953569038e-06 -3.006098364e-06 -3.889416115e-06 -2.2871498e-05
	 4.540644209e-06 5.953569038e-06 -1.448405869e-05 8.043576476e-06 5.142052791e-06 2.10595856e-05
	 -4.980513809e-06 -3.006098364e-06 8.043576476e-06 6.637930609e-07 3.14942661e-06 -1.580193067e-05
	 -2.349848154e-06 -3.889416115e-06 5.142052791e-06 3.14942661e-06 5.800439027e-06 -1.065655431e-05
	 1.692075228e-06 -2.2871498e-05 2.10595856e-05 -1.580193067e-05 -1.065655431e-05 -5.168524335e-05
		  6 6	
	 1.583974573e-06 -3.474139223e-06 7.158630018e-06 -1.006745855e-05 -1.419074218e-05 1.394371447e-05
	 -3.474139223e-06 1.701744917e-06 -3.835730516e-06 9.463247255e-06 1.561101195e-05 -2.350196341e-05
	 7.158630018e-06 -3.835730516e-06 -3.779283856e-06 -8.315727938e-07 -3.802093965e-06 9.30757127e-06
	 -1.006745855e-05 9.463247255e-06 -8.315727938e-07 2.365220185e-06 2.849210469e-06 -1.220421323e-05
	 -1.419074218e-05 1.561101195e-05 -3.802093965e-06 2.849210469e-06 -3.794466511e-06 -4.871050417e-06
	 1.394371447e-05 -2.350196341e-05 9.30757127e-06 -1.220421323e-05 -4.871050417e-06 -4.820676951e-05
		  6 6	
	 -1.63990364e-06 2.814180956e-06 -2.321138393e-06 2.534357037e-06 1.62762784e-06 6.920683482e-08
	 2.814180956e-06 -7.650774124e-06 7.885506785e-06 -4.081393574e-06 -1.699758169e-06 -7.877056794e-06
	 -2.321138393e-06 7.885506785e-06 -2.732311742e-06 -1.825944206e-06 1.973219567e-06 8.28617638e-06
	 2.534357037e-06 -4.081393574e-06 -1.825944206e-06 7.694271742e-06 8.779377773e-06 -2.411653049e-06
	 1.62762784e-06 -1.699758169e-06 1.973219567e-06 8.779377773e-06 2.111479798e-05 -5.532817078e-06
	 6.920683482e-08 -7.877056794e-06 8.28617638e-06 -2.411653049e-06 -5.532817078e-06 1.743515244e-05
	
	  6 6	
	 1.358656809e-06 -2.02194959e-06 1.188597521e-06 -2.569422498e-07 -2.392085735e-06 5.563202545e-06
	 -2.02194959e-06 8.440207676e-07 3.54347009e-06 -4.214441557e-06 6.081969173e-07 -1.197278355e-05
	 1.188597521e-06 3.54347009e-06 -4.503493575e-06 1.201115004e-06 2.760979307e-06 1.05534293e-06
	 -2.569422498e-07 -4.214441557e-06 1.201115004e-06 8.946942267e-07 -2.52521219e-07 2.573061357e-06
	 -2.392085735e-06 6.081969173e-07 2.760979307e-06 -2.52521219e-07 -1.521920326e-07 1.477500962e-05
	 5.563202545e-06 -1.197278355e-05 1.05534293e-06 2.573061357e-06 1.477500962e-05 -3.650684988e-05
		  6 6	
	 1.988870045e-08 2.252035997e-07 -4.487244251e-07 1.061499825e-06 2.085508326e-06 -1.579223908e-06
	 2.252035997e-07 2.178749717e-06 -4.052654442e-06 2.743942192e-06 2.003599132e-07 4.565431501e-06
	 -4.487244251e-07 -4.052654442e-06 5.797456099e-06 -4.165775632e-06 -4.011728453e-06 -9.906123531e-07
	 1.061499825e-06 2.743942192e-06 -4.165775632e-06 4.315164134e-06 7.381024342e-06 5.921432062e-06
	 2.085508326e-06 2.003599132e-07 -4.011728453e-06 7.381024342e-06 8.794973887e-06 1.405907872e-05
	 -1.579223908e-06 4.565431501e-06 -9.906123531e-07 5.921432062e-06 1.405907872e-05 1.393616905e-06
		  6 6	
	 -3.082742185e-07 -1.780729119e-07 -2.40346892e-06 3.324276831e-06 4.303008561e-06 -1.064571872e-05
	 -1.780729119e-07 3.181294105e-06 2.850737686e-06 -7.111889247e-06 -1.329538911e-05 2.921243631e-05
	 -2.40346892e-06 2.850737686e-06 1.083119601e-06 2.231009208e-06 6.095589524e-06 -6.739919277e-06
	 3.324276831e-06 -7.111889247e-06 2.231009208e-06 -4.548432059e-06 -9.159028342e-06 5.668704188e-06
	 4.303008561e-06 -1.329538911e-05 6.095589524e-06 -9.159028342e-06 -1.346958016e-05 -2.204800645e-06
	 -1.064571872e-05 2.921243631e-05 -6.739919277e-06 5.668704188e-06 -2.204800645e-06 5.422029646e-05
		  6 6	
	 -3.892641392e-06 2.714026986e-06 -1.39226471e-05 1.855335009e-05 1.999671398e-05 -2.332307046e-05
	 2.714026986e-06 2.671865476e-05 -1.337118829e-05 -1.135413163e-05 -1.8848688e-05 6.61325141e-05
	 -1.39226471e-05 -1.337118829e-05 2.821159924e-05 7.99035895e-07 4.162641789e-06 -2.857453147e-05
	 1.855335009e-05 -1.135413163e-05 7.99035895e-07 -1.97959082e-05 -1.863769365e-05 2.212171915e-05
	 1.999671398e-05 -1.8848688e-05 4.162641789e-06 -1.863769365e-05 -1.499087867e-05 2.288347308e-05
	 -2.332307046e-05 6.61325141e-05 -2.857453147e-05 2.212171915e-05 2.288347308e-05 6.717856619e-05
		  6 6	
	 -1.247711611e-06 -5.316175146e-08 -2.283014739e-06 1.905100465e-06 5.628997126e-07 -6.6395143e-06
	 -5.316175146e-08 6.429379406e-06 -1.99172717e-06 -3.059152743e-06 -8.361006399e-06 2.61844102e-05
	 -2.283014739e-06 -1.99172717e-06 6.706004048e-06 2.149709492e-06 1.008616106e-05 -8.668877404e-06
	 1.905100465e-06 -3.059152743e-06 2.149709492e-06 -3.373031174e-06 -5.802898878e-06 -8.131331651e-06
	 5.628997126e-07 -8.361006399e-06 1.008616106e-05 -5.802898878e-06 -1.895698045e-06 -2.369271328e-05
	 -6.6395143e-06 2.61844102e-05 -8.668877404e-06 -8.131331651e-06 -2.369271328e-05 6.032930649e-05
	
	