20	
	  4 4	
	 -1.071912266e-06 7.646069702e-06 3.851484791e-05 -7.498678962e-05
	 7.646069702e-06 -0.002154749075 0.002710793777 0.003433045693
	 3.851484791e-05 0.002710793777 -0.01349200072 0.008113467864
	 -7.498678962e-05 0.003433045693 0.008113467864 -0.03404691625
		  4 4	
	 -1.074776366e-06 1.018931168e-05 2.629003841e-05 -8.173381186e-05
	 1.018931168e-05 -0.001671647042 0.002961689929 0.0005109401045
	 2.629003841e-05 0.002961689929 -0.01130717517 0.009570253365
	 -8.173381186e-05 0.0005109401045 0.009570253365 -0.02188181443
		  4 4	
	 -1.016335215e-07 -2.665129726e-06 8.959911124e-06 -1.790533928e-05
	 -2.665129726e-06 -0.0009368925956 0.001953407817 0.001192920003
	 8.959911124e-06 0.001953407817 -0.008179701128 0.00647432622
	 -1.790533928e-05 0.001192920003 0.00647432622 -0.02498119821
		  4 4	
	 -5.06012892e-07 1.172363568e-05 -4.608479453e-06 -3.029786775e-05
	 1.172363568e-05 -0.001369573301 0.002159152268 0.001039866442
	 -4.608479453e-06 0.002159152268 -0.007935755995 0.005146428401
	 -3.029786775e-05 0.001039866442 0.005146428401 -0.01623025588
		  4 4	
	 1.928852206e-07 -5.229610882e-06 -1.580817717e-06 3.09789565e-05
	 -5.229610882e-06 0.0009062856746 -0.001339704906 -0.002155068915
	 -1.580817717e-06 -0.001339704906 0.005575710885 -0.003368106612
	 3.09789565e-05 -0.002155068915 -0.003368106612 0.0209422604
	
	  4 4	
	 3.158888776e-07 -9.195955814e-06 5.253951042e-07 3.413846617e-05
	 -9.195955814e-06 0.0009071848156 -0.00115163994 -0.001483054414
	 5.253951042e-07 -0.00115163994 0.004796602661 -0.003984949136
	 3.413846617e-05 -0.001483054414 -0.003984949136 0.01583465034
		  4 4	
	 7.087992582e-08 -1.793147348e-06 -2.420569085e-06 1.521238811e-05
	 -1.793147348e-06 0.0002867586016 -0.0004164679571 -0.0009458690606
	 -2.420569085e-06 -0.0004164679571 0.002932213522 -0.002416457603
	 1.521238811e-05 -0.0009458690606 -0.002416457603 0.01066681268
		  4 4	
	 2.978476134e-07 -9.491107974e-06 4.036308894e-06 2.201528126e-05
	 -9.491107974e-06 0.0005897283609 -0.0005972834017 -0.0006773495582
	 4.036308894e-06 -0.0005972834017 0.001422929071 -0.001352887887
	 2.201528126e-05 -0.0006773495582 -0.001352887887 0.005574011582
		  4 4	
	 -7.54792111e-08 6.676564473e-07 1.510949311e-05 -3.092445781e-05
	 6.676564473e-07 -0.0003149321664 0.0004246761364 0.001194038194
	 1.510949311e-05 0.0004246761364 -0.004335196666 0.003838723552
	 -3.092445781e-05 0.001194038194 0.003838723552 -0.01358829695
		  4 4	
	 -6.703036762e-08 2.018409958e-06 -8.003837286e-06 5.308548079e-06
	 2.018409958e-06 -0.0002490604093 0.0006376318641 -0.0003266193657
	 -8.003837286e-06 0.0006376318641 -0.002172573564 0.00144609271
	 5.308548079e-06 -0.0003266193657 0.00144609271 -0.002409764913
	
	  4 4	
	 2.156570031e-07 -9.015419143e-06 7.251629381e-06 2.768325419e-05
	 -9.015419143e-06 0.0004869351029 -0.0002390349709 -0.001284355255
	 7.251629381e-06 -0.0002390349709 -0.0003202044957 1.777179535e-05
	 2.768325419e-05 -0.001284355255 1.777179535e-05 0.006064792908
		  4 4	
	 3.523940978e-07 -4.786915086e-06 -2.18125823e-05 4.663962306e-05
	 -4.786915086e-06 0.0004584498857 -0.0005382572251 -0.0008645697633
	 -2.18125823e-05 -0.0005382572251 0.005996081314 -0.006858824593
	 4.663962306e-05 -0.0008645697633 -0.006858824593 0.01608453281
		  4 4	
	 9.961335581e-08 -2.664765671e-07 -8.650991893e-06 9.160119574e-06
	 -2.664765671e-07 0.0003802138417 -0.0009865957582 -0.0003118287664
	 -8.650991893e-06 -0.0009865957582 0.003688746528 -0.0007014377445
	 9.160119574e-06 -0.0003118287664 -0.0007014377445 0.004477354887
		  4 4	
	 -2.221264327e-07 2.752661626e-06 9.276501336e-06 -1.678342749e-05
	 2.752661626e-06 -0.0005716482699 0.001035495464 0.000804805199
	 9.276501336e-06 0.001035495464 -0.005083394581 0.002917186444
	 -1.678342749e-05 0.000804805199 0.002917186444 -0.0103163286
		  4 4	
	 -5.683687049e-08 -1.527014735e-06 1.042905986e-05 -3.578976364e-06
	 -1.527014735e-06 3.943149117e-05 0.000137222487 -0.0002654205657
	 1.042905986e-05 0.000137222487 -0.001965308697 0.001630386999
	 -3.578976364e-06 -0.0002654205657 0.001630386999 -0.001195381328
	
	  4 4	
	 -4.125852537e-08 -9.996741397e-07 1.315797551e-05 -9.747402558e-06
	 -9.996741397e-07 -0.0001049008421 0.0002351098687 0.0002871522751
	 1.315797551e-05 0.0002351098687 -0.001101053456 -8.938797186e-05
	 -9.747402558e-06 0.0002871522751 -8.938797186e-05 -0.001208448064
		  4 4	
	 5.05491805e-08 1.929388055e-06 -1.02185661e-05 2.956914444e-06
	 1.929388055e-06 8.717787228e-05 -0.0004358628663 -0.0001416252137
	 -1.02185661e-05 -0.0004358628663 0.002869688569 -0.001448448303
	 2.956914444e-06 -0.0001416252137 -0.001448448303 0.003864098581
		  4 4	
	 -8.763133685e-08 1.07169263e-06 7.452513259e-06 -1.598836355e-05
	 1.07169263e-06 -9.345927606e-05 2.848356846e-05 0.0002965658758
	 7.452513259e-06 2.848356846e-05 -0.002029156743 0.002799025173
	 -1.598836355e-05 0.0002965658758 0.002799025173 -0.006408601983
		  4 4	
	 -1.366105897e-07 3.377122682e-06 5.80289252e-06 -2.297175446e-05
	 3.377122682e-06 -2.81744683e-06 -0.0007925686738 0.001233169246
	 5.80289252e-06 -0.0007925686738 0.00114853822 0.001110936507
	 -2.297175446e-05 0.001233169246 0.001110936507 -0.005912658
		  4 4	
	 3.023866252e-08 -1.464440878e-07 -6.095271194e-06 5.371117858e-06
	 -1.464440878e-07 7.553323581e-05 -0.0002493911165 3.624039999e-05
	 -6.095271194e-06 -0.0002493911165 0.001469238767 -0.001106648963
	 5.371117858e-06 3.624039999e-05 -0.001106648963 0.001910477229
	
	