35	
	  7 7	
	 -0.000110495628 0.0001351420765 -9.239966046e-05 4.849723653e-05 3.408167602e-05 -2.474328962e-06 0.0001079292049
	 0.0001351420765 -0.0002494507639 0.0002350078593 -5.936343224e-05 -5.735073748e-05 9.490160228e-06 -0.0001602162244
	 -9.239966046e-05 0.0002350078593 -0.000483160699 0.0001893550729 0.0002499848409 -0.0001039374487 8.241588608e-05
	 4.849723653e-05 -5.936343224e-05 0.0001893550729 -0.0004912605473 -0.0004743860213 0.0002501684749 -0.0001340199215
	 3.408167602e-05 -5.735073748e-05 0.0002499848409 -0.0004743860213 -0.0008368453824 0.0004465134043 -7.753062702e-05
	 -2.474328962e-06 9.490160228e-06 -0.0001039374487 0.0002501684749 0.0004465134043 -0.0005492760974 -7.715740873e-05
	 0.0001079292049 -0.0001602162244 8.241588608e-05 -0.0001340199215 -7.753062702e-05 -7.715740873e-05 -0.0008049937373
		  7 7	
	 1.136830712e-05 -6.218669045e-05 0.0001151818669 -4.850182327e-05 -6.626117384e-05 4.057763147e-05 -2.541211332e-05
	 -6.218669045e-05 9.22262582e-05 -8.745617491e-05 4.237392572e-05 3.663223066e-05 7.48840962e-06 4.937211189e-05
	 0.0001151818669 -8.745617491e-05 -0.0001602263361 -4.632843848e-05 2.225042891e-05 3.151808052e-06 -9.211393369e-05
	 -4.850182327e-05 4.237392572e-05 -4.632843848e-05 -0.0001322037164 -6.683417702e-05 -7.896080093e-05 9.326412689e-05
	 -6.626117384e-05 3.663223066e-05 2.225042891e-05 -6.683417702e-05 -0.000332643504 -3.322553042e-05 -0.0001080759206
	 4.057763147e-05 7.48840962e-06 3.151808052e-06 -7.896080093e-05 -3.322553042e-05 -0.0002299092581 5.813193732e-06
	 -2.541211332e-05 4.937211189e-05 -9.211393369e-05 9.326412689e-05 -0.0001080759206 5.813193732e-06 -0.0003597680628
		  7 7	
	 9.917781444e-06 -6.459894594e-06 -3.235257434e-05 1.119538894e-05 3.527740593e-05 -1.49869613e-05 -2.150636788e-05
	 -6.459894594e-06 -8.953131891e-05 0.0001732232013 2.539581555e-05 8.839787632e-06 -6.578218828e-05 -4.338283665e-05
	 -3.235257434e-05 0.0001732232013 -0.0002123740603 -7.44431524e-05 -8.593037905e-05 0.0001925374041 0.0001694901056
	 1.119538894e-05 2.539581555e-05 -7.44431524e-05 -9.671157388e-05 -4.222038462e-05 1.560594145e-05 -2.456361637e-05
	 3.527740593e-05 8.839787632e-06 -8.593037905e-05 -4.222038462e-05 -6.193323229e-05 -2.185931833e-05 -0.0001278504817
	 -1.49869613e-05 -6.578218828e-05 0.0001925374041 1.560594145e-05 -2.185931833e-05 -0.0002033186796 -1.840882091e-05
	 -2.150636788e-05 -4.338283665e-05 0.0001694901056 -2.456361637e-05 -0.0001278504817 -1.840882091e-05 -0.0003787978939
		  7 7	
	 1.713178868e-05 -1.789275089e-05 4.94973457e-05 -7.811595557e-05 -8.18841669e-05 6.238875646e-05 -1.532287341e-05
	 -1.789275089e-05 -8.907639801e-06 -0.0001028454348 0.0001812726409 0.000223326693 -0.0001259999388 -1.350939653e-05
	 4.94973457e-05 -0.0001028454348 0.0001110330898 -0.0001080985197 -0.0002145631156 0.0001163967665 -9.023018961e-05
	 -7.811595557e-05 0.0001812726409 -0.0001080985197 -0.000216098019 -0.0001314997512 4.038987749e-05 0.0001614129164
	 -8.18841669e-05 0.000223326693 -0.0002145631156 -0.0001314997512 -0.0002392337591 8.500696102e-05 4.163036115e-05
	 6.238875646e-05 -0.0001259999388 0.0001163967665 4.038987749e-05 8.500696102e-05 -0.0003389244233 -7.622751247e-05
	 -1.532287341e-05 -1.350939653e-05 -9.023018961e-05 0.0001614129164 4.163036115e-05 -7.622751247e-05 -0.0002714430158
		  7 7	
	 1.185915753e-05 -5.113732191e-06 1.188561147e-05 -1.072976446e-05 2.723831429e-05 -2.616755614e-05 -2.683912846e-05
	 -5.113732191e-06 -1.674411969e-05 -1.435662997e-05 6.852017569e-06 -2.656384937e-05 2.885376154e-05 2.641715869e-07
	 1.188561147e-05 -1.435662997e-05 -8.258016576e-05 3.314774376e-05 -1.699743006e-05 2.069162476e-05 -3.971219318e-05
	 -1.072976446e-05 6.852017569e-06 3.314774376e-05 -4.808027364e-05 3.036765907e-05 -8.223514516e-05 4.214747012e-05
	 2.723831429e-05 -2.656384937e-05 -1.699743006e-05 3.036765907e-05 4.079976994e-05 -0.0001371084016 -0.0001090312429
	 -2.616755614e-05 2.885376154e-05 2.069162476e-05 -8.223514516e-05 -0.0001371084016 -2.661315337e-05 5.863128491e-05
	 -2.683912846e-05 2.641715869e-07 -3.971219318e-05 4.214747012e-05 -0.0001090312429 5.863128491e-05 -9.606207384e-05
	
	  7 7	
	 -9.701693412e-06 1.304364906e-05 -3.372114934e-05 2.130238648e-05 -3.529329808e-06 -5.409967504e-06 1.202844833e-05
	 1.304364906e-05 -2.702865437e-05 7.745576479e-05 -2.776509208e-05 -4.208570195e-05 1.947961173e-05 -2.115632031e-05
	 -3.372114934e-05 7.745576479e-05 -3.634794554e-05 7.905640401e-05 0.0001523777963 -4.411020738e-05 0.0001203459617
	 2.130238648e-05 -2.776509208e-05 7.905640401e-05 -3.418454267e-05 -9.36807284e-05 9.023754716e-05 -6.723040792e-05
	 -3.529329808e-06 -4.208570195e-05 0.0001523777963 -9.36807284e-05 -0.0001044582017 0.0001200722495 2.75734452e-05
	 -5.409967504e-06 1.947961173e-05 -4.411020738e-05 9.023754716e-05 0.0001200722495 -6.06178618e-06 1.757445695e-05
	 1.202844833e-05 -2.115632031e-05 0.0001203459617 -6.723040792e-05 2.75734452e-05 1.757445695e-05 6.781526087e-05
		  7 7	
	 -8.05835918e-06 6.157311618e-06 -2.523897001e-06 -1.544679596e-05 -5.614718191e-05 3.329200145e-05 3.162808642e-05
	 6.157311618e-06 -6.505242921e-07 -8.780269651e-06 3.441186575e-05 4.917826699e-05 -4.743416355e-05 -4.922900196e-05
	 -2.523897001e-06 -8.780269651e-06 7.373659803e-05 5.826365775e-05 8.153778384e-05 -1.143583573e-05 8.131327946e-05
	 -1.544679596e-05 3.441186575e-05 5.826365775e-05 -2.036511582e-05 -7.033692754e-05 7.671362955e-05 -1.569423484e-06
	 -5.614718191e-05 4.917826699e-05 8.153778384e-05 -7.033692754e-05 -9.126035309e-05 0.000133178435 0.0001137523407
	 3.329200145e-05 -4.743416355e-05 -1.143583573e-05 7.671362955e-05 0.000133178435 -3.132347521e-05 -5.975903217e-05
	 3.162808642e-05 -4.922900196e-05 8.131327946e-05 -1.569423484e-06 0.0001137523407 -5.975903217e-05 1.48363944e-05
		  7 7	
	 4.734986789e-06 -8.91457191e-06 1.643287878e-05 -1.038291699e-05 5.968120283e-07 8.917385443e-06 -1.880544194e-05
	 -8.91457191e-06 2.129928716e-05 -3.966769328e-05 2.805908673e-05 5.356654014e-05 -1.333810825e-05 3.980988673e-05
	 1.643287878e-05 -3.966769328e-05 5.37705787e-05 -0.0001114619018 -0.0001461216679 4.120155915e-05 -6.874278043e-05
	 -1.038291699e-05 2.805908673e-05 -0.0001114619018 -7.640991816e-06 2.183050673e-05 -2.060082912e-05 5.438291641e-05
	 5.968120283e-07 5.356654014e-05 -0.0001461216679 2.183050673e-05 9.432959301e-06 -3.765061383e-05 -1.571572677e-05
	 8.917385443e-06 -1.333810825e-05 4.120155915e-05 -2.060082912e-05 -3.765061383e-05 -3.499596723e-05 1.690195251e-05
	 -1.880544194e-05 3.980988673e-05 -6.874278043e-05 5.438291641e-05 -1.571572677e-05 1.690195251e-05 -2.871335085e-06
		  7 7	
	 6.496881168e-06 -6.011692691e-06 -2.093222716e-06 7.940578683e-06 3.831015954e-05 -2.177520376e-05 -4.30132638e-05
	 -6.011692691e-06 3.88388341e-06 8.885455774e-06 -3.122418821e-06 -8.298524519e-06 4.514319153e-05 5.483701219e-05
	 -2.093222716e-06 8.885455774e-06 -2.498684814e-05 -7.820134929e-05 -8.492013777e-05 1.983547573e-05 -2.383350902e-05
	 7.940578683e-06 -3.122418821e-06 -7.820134929e-05 -4.735884258e-05 1.407559127e-06 -4.590772827e-05 3.131154447e-05
	 3.831015954e-05 -8.298524519e-06 -8.492013777e-05 1.407559127e-06 4.385397154e-06 -9.49547854e-05 -7.346340366e-05
	 -2.177520376e-05 4.514319153e-05 1.983547573e-05 -4.590772827e-05 -9.49547854e-05 -4.156240186e-05 6.268472724e-05
	 -4.30132638e-05 5.483701219e-05 -2.383350902e-05 3.131154447e-05 -7.346340366e-05 6.268472724e-05 -5.977260996e-06
		  7 7	
	 5.195577567e-06 -6.40198522e-06 1.717317303e-06 -8.097969089e-06 1.347068151e-05 -5.434403317e-06 -4.420453639e-05
	 -6.40198522e-06 9.347604134e-06 -7.925641428e-06 3.069925947e-05 3.229049179e-05 2.599766733e-05 4.266458708e-05
	 1.717317303e-06 -7.925641428e-06 2.077713181e-05 -7.653162067e-05 -8.473067577e-05 3.469306033e-05 6.724461065e-06
	 -8.097969089e-06 3.069925947e-05 -7.653162067e-05 -6.908803406e-05 -2.331854728e-05 -1.378472395e-05 9.647708155e-05
	 1.347068151e-05 3.229049179e-05 -8.473067577e-05 -2.331854728e-05 -3.525353964e-05 -3.805807635e-05 1.660527526e-05
	 -5.434403317e-06 2.599766733e-05 3.469306033e-05 -1.378472395e-05 -3.805807635e-05 -0.0001227988002 3.806377392e-05
	 -4.420453639e-05 4.266458708e-05 6.724461065e-06 9.647708155e-05 1.660527526e-05 3.806377392e-05 2.986006985e-05
	
	  7 7	
	 -2.728300432e-06 1.91888847e-06 4.110403579e-06 2.893474184e-06 -1.273583045e-05 7.758673015e-06 3.405156867e-05
	 1.91888847e-06 3.359456616e-07 -5.337363041e-06 -1.211389464e-05 -9.523049208e-06 -2.492189054e-05 -3.23674626e-05
	 4.110403579e-06 -5.337363041e-06 -6.106583389e-06 2.529320372e-05 2.108858662e-05 -1.452172706e-05 -2.291422505e-05
	 2.893474184e-06 -1.211389464e-05 2.529320372e-05 3.579639276e-05 1.346202198e-05 9.898253691e-06 -5.604589466e-05
	 -1.273583045e-05 -9.523049208e-06 2.108858662e-05 1.346202198e-05 9.830602996e-06 2.993590003e-05 -9.609152205e-06
	 7.758673015e-06 -2.492189054e-05 -1.452172706e-05 9.898253691e-06 2.993590003e-05 7.448942371e-05 -4.076951952e-05
	 3.405156867e-05 -3.23674626e-05 -2.291422505e-05 -5.604589466e-05 -9.609152205e-06 -4.076951952e-05 -1.804793067e-05
		  7 7	
	 -2.575336016e-06 3.094201824e-06 -1.217992271e-06 8.700151325e-06 3.169985814e-07 -3.471177511e-07 3.172297966e-05
	 3.094201824e-06 -3.878793557e-06 5.357104839e-06 -1.566424992e-05 -1.644349946e-05 -1.898938788e-05 -3.234317519e-05
	 -1.217992271e-06 5.357104839e-06 -2.206414378e-05 1.092632635e-05 3.341435585e-06 -8.794262644e-06 -1.573549819e-05
	 8.700151325e-06 -1.566424992e-05 1.092632635e-05 2.610839673e-05 1.463722675e-05 -1.574725742e-06 -7.265611774e-05
	 3.169985814e-07 -1.644349946e-05 3.341435585e-06 1.463722675e-05 1.89740524e-05 1.083145488e-05 -4.184833173e-05
	 -3.471177511e-07 -1.898938788e-05 -8.794262644e-06 -1.574725742e-06 1.083145488e-05 8.593969804e-05 -2.834646129e-05
	 3.172297966e-05 -3.234317519e-05 -1.573549819e-05 -7.265611774e-05 -4.184833173e-05 -2.834646129e-05 -2.066803604e-05
		  7 7	
	 3.348065841e-06 -3.973188493e-06 1.010477657e-06 -1.161852511e-05 -3.318225154e-06 4.8098935e-06 -3.184501516e-05
	 -3.973188493e-06 3.761664079e-06 -4.601711598e-06 2.394640133e-05 2.119618831e-05 1.127375084e-05 1.349723668e-05
	 1.010477657e-06 -4.601711598e-06 2.780216946e-05 -1.05902669e-05 8.306259978e-06 1.794390675e-05 3.833457465e-05
	 -1.161852511e-05 2.394640133e-05 -1.05902669e-05 -1.271066631e-05 -2.268516441e-06 8.304148689e-07 7.317431612e-05
	 -3.318225154e-06 2.119618831e-05 8.306259978e-06 -2.268516441e-06 -5.890563322e-06 -1.305253448e-05 5.799815e-05
	 4.8098935e-06 1.127375084e-05 1.794390675e-05 8.304148689e-07 -1.305253448e-05 -9.620191932e-05 1.133727283e-05
	 -3.184501516e-05 1.349723668e-05 3.833457465e-05 7.317431612e-05 5.799815e-05 1.133727283e-05 2.142994319e-05
		  7 7	
	 -8.537660829e-07 -4.161476664e-07 -3.093810485e-06 3.055730277e-08 3.670306634e-06 -2.111703256e-06 -5.451166255e-06
	 -4.161476664e-07 1.415612307e-05 -2.182450571e-05 8.29657766e-06 1.55009703e-05 -5.460536396e-06 -1.666070275e-05
	 -3.093810485e-06 -2.182450571e-05 5.68138576e-05 -1.834832264e-05 -3.671350256e-05 3.659577245e-05 4.898819541e-05
	 3.055730277e-08 8.29657766e-06 -1.834832264e-05 6.933454085e-06 2.222252694e-05 -3.223134563e-06 1.713553687e-05
	 3.670306634e-06 1.55009703e-05 -3.671350256e-05 2.222252694e-05 3.071005267e-05 -2.113317942e-05 -4.01108058e-06
	 -2.111703256e-06 -5.460536396e-06 3.659577245e-05 -3.223134563e-06 -2.113317942e-05 -3.409354206e-05 2.562032195e-05
	 -5.451166255e-06 -1.666070275e-05 4.898819541e-05 1.713553687e-05 -4.01108058e-06 2.562032195e-05 5.849011707e-06
		  7 7	
	 2.882360716e-06 -2.810652225e-06 2.942855694e-06 -1.299915649e-05 -1.278581158e-05 1.069080254e-05 -2.822308709e-05
	 -2.810652225e-06 -4.258398193e-06 4.799066281e-06 1.66611807e-05 1.226611334e-05 1.358538862e-05 9.575049933e-06
	 2.942855694e-06 4.799066281e-06 5.326575935e-06 2.363352393e-05 4.924396703e-05 2.30359872e-06 2.25511317e-05
	 -1.299915649e-05 1.66611807e-05 2.363352393e-05 -1.810307233e-05 -6.412500227e-06 1.859941912e-05 7.092284519e-05
	 -1.278581158e-05 1.226611334e-05 4.924396703e-05 -6.412500227e-06 -3.033024139e-05 4.621402255e-06 6.664402417e-05
	 1.069080254e-05 1.358538862e-05 2.30359872e-06 1.859941912e-05 4.621402255e-06 -0.0001064549103 -9.468223985e-06
	 -2.822308709e-05 9.575049933e-06 2.25511317e-05 7.092284519e-05 6.664402417e-05 -9.468223985e-06 -4.009002022e-06
	
	  7 7	
	 -5.894460505e-07 -1.250801393e-06 -1.097298154e-06 -1.955806418e-06 -9.207820308e-07 2.390605841e-06 -5.561220821e-06
	 -1.250801393e-06 1.278792845e-05 -2.020482599e-05 -2.958579788e-07 6.971013318e-06 6.881482001e-06 3.391179786e-06
	 -1.097298154e-06 -2.020482599e-05 6.265308855e-05 8.580386944e-06 -4.306868919e-07 -3.353885944e-06 7.839034577e-06
	 -1.955806418e-06 -2.958579788e-07 8.580386944e-06 9.903824239e-06 1.029658429e-05 1.617905595e-05 1.304514092e-05
	 -9.207820308e-07 6.971013318e-06 -4.306868919e-07 1.029658429e-05 1.052730191e-06 9.420063624e-06 1.528735872e-05
	 2.390605841e-06 6.881482001e-06 -3.353885944e-06 1.617905595e-05 9.420063624e-06 -4.458288704e-05 2.371344899e-05
	 -5.561220821e-06 3.391179786e-06 7.839034577e-06 1.304514092e-05 1.528735872e-05 2.371344899e-05 1.620939932e-06
		  7 7	
	 -9.496117381e-07 8.213705341e-07 -1.702286058e-07 7.389876037e-06 6.050109724e-06 -7.12111772e-06 1.790544814e-05
	 8.213705341e-07 -1.758690804e-06 3.538221211e-06 -1.2330858e-05 -8.31625702e-06 4.03030083e-06 1.979182802e-05
	 -1.702286058e-07 3.538221211e-06 -1.310464347e-05 -1.577409696e-05 -3.157702159e-05 -1.931178127e-05 -5.71679989e-05
	 7.389876037e-06 -1.2330858e-05 -1.577409696e-05 -4.832433257e-07 -1.036537906e-05 -1.463116127e-05 -2.857245383e-05
	 6.050109724e-06 -8.31625702e-06 -3.157702159e-05 -1.036537906e-05 1.019059344e-05 9.204578e-06 -1.462041422e-05
	 -7.12111772e-06 4.03030083e-06 -1.931178127e-05 -1.463116127e-05 9.204578e-06 7.213210197e-05 -1.517596818e-06
	 1.790544814e-05 1.979182802e-05 -5.71679989e-05 -2.857245383e-05 -1.462041422e-05 -1.517596818e-06 -7.768748808e-06
		  7 7	
	 7.589091071e-07 -5.868684861e-07 2.960706942e-06 -1.095417178e-05 -1.36227478e-05 9.883350695e-06 -1.278370745e-05
	 -5.868684861e-07 -5.789157578e-06 3.252438646e-06 4.714989801e-06 6.32702345e-06 9.711014535e-06 1.645944552e-05
	 2.960706942e-06 3.252438646e-06 2.602530906e-06 4.315731484e-05 4.367568061e-05 -1.542040942e-05 -2.469315409e-05
	 -1.095417178e-05 4.714989801e-06 4.315731484e-05 7.684241515e-07 1.591285483e-06 2.048651831e-05 3.930542356e-05
	 -1.36227478e-05 6.32702345e-06 4.367568061e-05 1.591285483e-06 -2.724524443e-05 2.064969605e-05 4.467459638e-05
	 9.883350695e-06 9.711014535e-06 -1.542040942e-05 2.048651831e-05 2.064969605e-05 -5.799082017e-05 -1.249085929e-05
	 -1.278370745e-05 1.645944552e-05 -2.469315409e-05 3.930542356e-05 4.467459638e-05 -1.249085929e-05 -2.974218096e-05
		  7 7	
	 -5.318209472e-07 -1.359318051e-08 3.893523992e-06 -4.330394962e-06 -9.680604953e-06 8.488865714e-06 8.527711481e-06
	 -1.359318051e-08 -1.004341998e-06 -3.163776657e-06 9.24806072e-06 2.069750783e-05 -2.03219054e-05 4.680635268e-06
	 3.893523992e-06 -3.163776657e-06 5.404267331e-06 -1.847241081e-05 -2.708859009e-05 1.199151011e-05 -2.472761224e-05
	 -4.330394962e-06 9.24806072e-06 -1.847241081e-05 -6.206260318e-06 -6.856583008e-06 1.018067819e-05 2.805953846e-05
	 -9.680604953e-06 2.069750783e-05 -2.708859009e-05 -6.856583008e-06 7.255662383e-06 1.375345383e-05 4.176741069e-05
	 8.488865714e-06 -2.03219054e-05 1.199151011e-05 1.018067819e-05 1.375345383e-05 1.960954168e-06 -3.043747844e-05
	 8.527711481e-06 4.680635268e-06 -2.472761224e-05 2.805953846e-05 4.176741069e-05 -3.043747844e-05 -1.273075348e-05
		  7 7	
	 9.13177075e-07 -2.366345144e-06 2.771259896e-06 -9.823510767e-06 -7.429165032e-06 7.104103132e-06 -6.641027159e-06
	 -2.366345144e-06 8.476579493e-06 -1.255077575e-05 1.001866459e-05 1.124827234e-05 -2.08740416e-06 -6.427166297e-06
	 2.771259896e-06 -1.255077575e-05 2.381934299e-05 2.305586751e-05 9.392530001e-06 7.872713224e-06 3.19515317e-07
	 -9.823510767e-06 1.001866459e-05 2.305586751e-05 1.621080133e-05 1.489229207e-05 8.076779617e-06 3.957211523e-06
	 -7.429165032e-06 1.124827234e-05 9.392530001e-06 1.489229207e-05 -6.4865582e-06 -6.074614454e-06 -6.391586156e-06
	 7.104103132e-06 -2.08740416e-06 7.872713224e-06 8.076779617e-06 -6.074614454e-06 -4.006337804e-05 2.255744763e-06
	 -6.641027159e-06 -6.427166297e-06 3.19515317e-07 3.957211523e-06 -6.391586156e-06 2.255744763e-06 -2.232098449e-05
	
	  7 7	
	 -1.412520247e-06 1.816261628e-06 -2.405333985e-06 1.177099157e-05 7.502093089e-06 -8.07466987e-06 1.022817514e-05
	 1.816261628e-06 -1.007822213e-06 2.776579724e-06 -6.131600596e-06 5.614904231e-07 -5.980902165e-06 1.48837976e-05
	 -2.405333985e-06 2.776579724e-06 -1.004848315e-06 -5.2352108e-05 -4.042597657e-05 7.007655705e-06 -3.880189274e-07
	 1.177099157e-05 -6.131600596e-06 -5.2352108e-05 -2.039164451e-05 -6.839233457e-06 -2.163343111e-05 -7.555365338e-06
	 7.502093089e-06 5.614904231e-07 -4.042597657e-05 -6.839233457e-06 3.554034841e-05 -9.938034359e-06 1.549325119e-06
	 -8.07466987e-06 -5.980902165e-06 7.007655705e-06 -2.163343111e-05 -9.938034359e-06 6.57272933e-05 6.356149946e-06
	 1.022817514e-05 1.48837976e-05 -3.880189274e-07 -7.555365338e-06 1.549325119e-06 6.356149946e-06 3.979401513e-05
		  7 7	
	 -1.042762603e-06 1.053002892e-06 -1.779173487e-06 5.053671475e-06 2.498508426e-06 -5.311724647e-06 8.798478986e-06
	 1.053002892e-06 2.718450915e-06 -5.144189428e-06 1.25094929e-05 1.409144771e-05 -1.158229821e-05 -7.233510763e-06
	 -1.779173487e-06 -5.144189428e-06 8.334894292e-06 -4.69728277e-05 -4.025856591e-05 2.818633594e-05 2.493619032e-05
	 5.053671475e-06 1.25094929e-05 -4.69728277e-05 -4.817103428e-05 -1.404036166e-05 -1.477985135e-05 1.72125257e-05
	 2.498508426e-06 1.409144771e-05 -4.025856591e-05 -1.404036166e-05 2.522122867e-05 -1.471400354e-05 1.864495406e-05
	 -5.311724647e-06 -1.158229821e-05 2.818633594e-05 -1.477985135e-05 -1.471400354e-05 3.190013949e-05 -7.467901899e-06
	 8.798478986e-06 -7.233510763e-06 2.493619032e-05 1.72125257e-05 1.864495406e-05 -7.467901899e-06 1.463238368e-05
		  7 7	
	 1.292976996e-07 2.91344124e-07 1.134779967e-07 -1.964434986e-06 -7.912983026e-07 2.474437847e-06 -4.801202093e-06
	 2.91344124e-07 -2.936119207e-06 5.740879718e-06 -1.4941894e-06 1.691787138e-06 -9.204246876e-06 3.033146773e-07
	 1.134779967e-07 5.740879718e-06 -1.332179749e-05 9.24080263e-06 -2.46147714e-06 1.879981285e-05 -1.258145555e-07
	 -1.964434986e-06 -1.4941894e-06 9.24080263e-06 2.591902128e-05 2.111685141e-05 -4.930181722e-06 -9.179076683e-06
	 -7.912983026e-07 1.691787138e-06 -2.46147714e-06 2.111685141e-05 1.826957614e-05 -1.929610682e-05 -1.974483056e-05
	 2.474437847e-06 -9.204246876e-06 1.879981285e-05 -4.930181722e-06 -1.929610682e-05 -5.545301152e-06 3.592427704e-06
	 -4.801202093e-06 3.033146773e-07 -1.258145555e-07 -9.179076683e-06 -1.974483056e-05 3.592427704e-06 -2.633256721e-05
		  7 7	
	 2.023937806e-06 -2.909109189e-06 4.163802301e-06 -1.132376655e-05 -4.495917409e-06 4.950716674e-06 -4.410476883e-06
	 -2.909109189e-06 4.108321553e-06 -6.377132721e-06 5.215535334e-06 -7.51566209e-07 5.432808808e-06 -9.979734596e-06
	 4.163802301e-06 -6.377132721e-06 -5.93958986e-06 4.017230427e-05 1.717500591e-05 -6.357570335e-06 -2.709748396e-05
	 -1.132376655e-05 5.215535334e-06 4.017230427e-05 3.448002294e-05 4.568428734e-06 7.176537494e-06 -2.238909451e-05
	 -4.495917409e-06 -7.51566209e-07 1.717500591e-05 4.568428734e-06 -2.71809639e-05 7.114740842e-06 -2.151206632e-05
	 4.950716674e-06 5.432808808e-06 -6.357570335e-06 7.176537494e-06 7.114740842e-06 -3.114790703e-05 1.644425286e-06
	 -4.410476883e-06 -9.979734596e-06 -2.709748396e-05 -2.238909451e-05 -2.151206632e-05 1.644425286e-06 -3.453056399e-05
		  7 7	
	 1.400278045e-07 -6.595626621e-07 -9.554795837e-07 -2.61919378e-06 1.548272035e-06 -1.891812217e-07 2.344850894e-06
	 -6.595626621e-07 3.985574039e-06 -3.849901448e-06 3.450962481e-06 6.969979095e-07 1.761898268e-06 -2.152038104e-05
	 -9.554795837e-07 -3.849901448e-06 1.363466417e-06 1.102353021e-05 -1.212395686e-06 -1.021568938e-06 7.919635669e-06
	 -2.61919378e-06 3.450962481e-06 1.102353021e-05 5.931714652e-06 -9.960297239e-06 1.157127466e-05 -2.997759877e-05
	 1.548272035e-06 6.969979095e-07 -1.212395686e-06 -9.960297239e-06 -2.368935523e-05 1.335897008e-05 -2.443699826e-05
	 -1.891812217e-07 1.761898268e-06 -1.021568938e-06 1.157127466e-05 1.335897008e-05 -1.470464993e-05 5.196026266e-06
	 2.344850894e-06 -2.152038104e-05 7.919635669e-06 -2.997759877e-05 -2.443699826e-05 5.196026266e-06 -1.893841608e-05
	
	  7 7	
	 2.032644549e-06 -2.171280039e-06 3.842063314e-06 -8.439125618e-06 -3.026072683e-06 5.141967818e-06 -8.631598872e-06
	 -2.171280039e-06 -2.457857977e-06 6.805105874e-06 -1.305716772e-05 -1.6160107e-05 9.122872611e-06 4.677865971e-06
	 3.842063314e-06 6.805105874e-06 -3.018033323e-05 5.899318632e-05 3.876209479e-05 -2.139137985e-05 -4.343228158e-05
	 -8.439125618e-06 -1.305716772e-05 5.899318632e-05 6.153648072e-05 9.92826429e-06 1.185137369e-05 -4.921968219e-05
	 -3.026072683e-06 -1.6160107e-05 3.876209479e-05 9.92826429e-06 -2.79328165e-05 2.056936525e-05 -3.635717788e-05
	 5.141967818e-06 9.122872611e-06 -2.139137985e-05 1.185137369e-05 2.056936525e-05 -2.307664424e-05 1.592849475e-05
	 -8.631598872e-06 4.677865971e-06 -4.343228158e-05 -4.921968219e-05 -3.635717788e-05 1.592849475e-05 -2.440278513e-05
		  7 7	
	 3.283623622e-06 -5.083150599e-06 1.810135214e-05 -2.479726598e-05 -3.716212315e-05 3.198729653e-05 1.297150646e-06
	 -5.083150599e-06 -4.99524174e-07 -1.574344762e-05 4.946391881e-05 5.876503884e-05 -4.358319297e-05 5.912381787e-06
	 1.810135214e-05 -1.574344762e-05 1.818597602e-05 -4.347247894e-05 -2.340155474e-05 1.301052455e-05 -3.99681981e-05
	 -2.479726598e-05 4.946391881e-05 -4.347247894e-05 1.349902618e-05 -1.384296119e-06 1.134634271e-05 4.424109081e-05
	 -3.716212315e-05 5.876503884e-05 -2.340155474e-05 -1.384296119e-06 -2.222231578e-05 3.659127041e-05 8.498897849e-05
	 3.198729653e-05 -4.358319297e-05 1.301052455e-05 1.134634271e-05 3.659127041e-05 -2.338105806e-05 -7.458939462e-05
	 1.297150646e-06 5.912381787e-06 -3.99681981e-05 4.424109081e-05 8.498897849e-05 -7.458939462e-05 2.303100398e-05
		  7 7	
	 -1.532889907e-07 4.990432973e-07 -1.554771672e-07 -2.788590887e-06 -9.638273144e-07 2.871558835e-06 -6.136451029e-07
	 4.990432973e-07 -4.457590908e-07 -2.717276978e-06 6.876370127e-06 6.614954694e-06 -4.348494879e-06 -1.352306004e-05
	 -1.554771672e-07 -2.717276978e-06 7.458059421e-07 2.714120577e-06 -1.013653941e-05 5.473950955e-06 5.176685845e-06
	 -2.788590887e-06 6.876370127e-06 2.714120577e-06 -1.752264466e-06 -1.500072741e-05 8.074000729e-06 -3.653889518e-05
	 -9.638273144e-07 6.614954694e-06 -1.013653941e-05 -1.500072741e-05 -3.332255547e-05 9.428979488e-06 -2.883978235e-05
	 2.871558835e-06 -4.348494879e-06 5.473950955e-06 8.074000729e-06 9.428979488e-06 -1.688586581e-05 5.449844325e-06
	 -6.136451029e-07 -1.352306004e-05 5.176685845e-06 -3.653889518e-05 -2.883978235e-05 5.449844325e-06 -1.687109797e-05
		  7 7	
	 1.561549056e-06 -6.706297189e-07 5.805191168e-06 -7.211382735e-06 -1.159611456e-05 7.07021497e-06 -7.651993768e-06
	 -6.706297189e-07 -9.612443809e-06 8.828617807e-06 1.756452582e-06 9.054038046e-07 3.974917808e-06 3.275828456e-05
	 5.805191168e-06 8.828617807e-06 -2.424957643e-05 1.43789326e-05 2.457103538e-05 -1.816618305e-05 -5.234189554e-05
	 -7.211382735e-06 1.756452582e-06 1.43789326e-05 4.519868689e-06 -3.854173002e-06 6.680843057e-06 3.282412869e-05
	 -1.159611456e-05 9.054038046e-07 2.457103538e-05 -3.854173002e-06 -1.78289134e-05 1.006408301e-05 3.026579195e-05
	 7.07021497e-06 3.974917808e-06 -1.816618305e-05 6.680843057e-06 1.006408301e-05 -3.525239598e-06 -1.168721292e-05
	 -7.651993768e-06 3.275828456e-05 -5.234189554e-05 3.282412869e-05 3.026579195e-05 -1.168721292e-05 1.738286974e-08
		  7 7	
	 2.423316574e-06 -3.554184538e-06 8.180437951e-06 -9.158510825e-06 -1.094013427e-05 1.002584513e-05 1.446014896e-06
	 -3.554184538e-06 5.67517788e-06 -1.159524242e-05 2.923010472e-05 2.272500199e-05 -1.81979797e-05 -2.896102544e-05
	 8.180437951e-06 -1.159524242e-05 1.956486915e-07 -3.110225803e-05 -1.427548173e-05 1.642492495e-05 2.579594407e-05
	 -9.158510825e-06 2.923010472e-05 -3.110225803e-05 -1.420973971e-05 -1.51706903e-05 3.01658763e-06 -5.882216981e-06
	 -1.094013427e-05 2.272500199e-05 -1.427548173e-05 -1.51706903e-05 -3.14612365e-05 1.669369743e-05 1.487930401e-05
	 1.002584513e-05 -1.81979797e-05 1.642492495e-05 3.01658763e-06 1.669369743e-05 -2.761473684e-05 -3.163556418e-05
	 1.446014896e-06 -2.896102544e-05 2.579594407e-05 -5.882216981e-06 1.487930401e-05 -3.163556418e-05 3.005543745e-05
	
	  7 7	
	 1.759067292e-06 -2.226149261e-06 3.729415914e-06 -5.793914827e-06 -5.415398664e-06 7.013483091e-06 -5.944108065e-06
	 -2.226149261e-06 -1.70230209e-07 3.586048176e-06 -5.181724776e-06 -4.363477868e-06 -3.927549086e-06 -8.018038025e-07
	 3.729415914e-06 3.586048176e-06 -2.246152209e-05 2.427465793e-05 1.444273086e-05 -8.994813297e-06 -3.067667889e-05
	 -5.793914827e-06 -5.181724776e-06 2.427465793e-05 4.017999431e-05 -8.328714182e-07 1.157205856e-05 -6.263235145e-05
	 -5.415398664e-06 -4.363477868e-06 1.444273086e-05 -8.328714182e-07 -3.035806472e-05 3.036022524e-05 -2.174763546e-05
	 7.013483091e-06 -3.927549086e-06 -8.994813297e-06 1.157205856e-05 3.036022524e-05 -3.567039408e-06 8.994557935e-06
	 -5.944108065e-06 -8.018038025e-07 -3.067667889e-05 -6.263235145e-05 -2.174763546e-05 8.994557935e-06 7.76360666e-06
		  7 7	
	 1.117118047e-06 -2.061175011e-06 2.127307281e-06 -7.92143002e-06 -6.09682832e-06 2.089535123e-06 -1.570940432e-06
	 -2.061175011e-06 5.846735527e-06 -7.358432368e-06 6.874019549e-06 8.253650191e-06 -3.142350278e-06 -5.057400177e-06
	 2.127307281e-06 -7.358432368e-06 2.787724444e-06 1.559605988e-05 -1.827736932e-07 9.502575469e-06 -2.020448346e-05
	 -7.92143002e-06 6.874019549e-06 1.559605988e-05 1.82840271e-05 5.024544102e-06 1.294754884e-06 -2.908162581e-05
	 -6.09682832e-06 8.253650191e-06 -1.827736932e-07 5.024544102e-06 9.509282909e-08 1.471114974e-05 -3.658827756e-06
	 2.089535123e-06 -3.142350278e-06 9.502575469e-06 1.294754884e-06 1.471114974e-05 8.358936122e-06 1.008054667e-05
	 -1.570940432e-06 -5.057400177e-06 -2.020448346e-05 -2.908162581e-05 -3.658827756e-06 1.008054667e-05 -4.694113925e-06
		  7 7	
	 6.741341406e-07 9.428443185e-07 2.600018098e-06 -3.050794664e-06 -4.799099657e-06 1.931372381e-06 -7.037640464e-06
	 9.428443185e-07 -1.062127352e-05 1.010000792e-05 1.168341404e-06 -4.532672832e-06 2.835215016e-06 4.653250276e-06
	 2.600018098e-06 1.010000792e-05 -2.82641592e-05 5.132502548e-06 1.870089478e-05 -3.109589515e-06 8.051399537e-07
	 -3.050794664e-06 1.168341404e-06 5.132502548e-06 1.35443379e-05 7.586483032e-06 -3.393631586e-06 3.275672429e-06
	 -4.799099657e-06 -4.532672832e-06 1.870089478e-05 7.586483032e-06 -3.27009676e-06 4.12289386e-06 6.693598774e-06
	 1.931372381e-06 2.835215016e-06 -3.109589515e-06 -3.393631586e-06 4.12289386e-06 -6.563681796e-07 -1.129102335e-05
	 -7.037640464e-06 4.653250276e-06 8.051399537e-07 3.275672429e-06 6.693598774e-06 -1.129102335e-05 3.791868663e-06
		  7 7	
	 -1.413272162e-06 1.69268367e-06 -3.466093876e-06 4.998217248e-06 5.18225653e-06 -3.56316268e-06 -8.156651215e-07
	 1.69268367e-06 1.053571852e-07 4.758718755e-07 -1.94595072e-05 -1.341800386e-05 9.670123158e-06 1.656641939e-05
	 -3.466093876e-06 4.758718755e-07 1.267588412e-05 1.914313392e-05 1.252839395e-05 -1.540225263e-05 -1.594517433e-05
	 4.998217248e-06 -1.94595072e-05 1.914313392e-05 1.656861952e-05 7.2237188e-06 7.569268644e-07 -1.529423435e-05
	 5.18225653e-06 -1.341800386e-05 1.252839395e-05 7.2237188e-06 1.088328651e-05 4.138274071e-06 -1.058137223e-05
	 -3.56316268e-06 9.670123158e-06 -1.540225263e-05 7.569268644e-07 4.138274071e-06 1.903602726e-05 2.891075068e-05
	 -8.156651215e-07 1.656641939e-05 -1.594517433e-05 -1.529423435e-05 -1.058137223e-05 2.891075068e-05 1.145023164e-05
		  7 7	
	 1.237460048e-06 7.546603034e-07 -1.190454341e-05 1.92544897e-05 3.207378079e-05 -2.871502473e-05 -1.114714006e-05
	 7.546603034e-07 -7.173067364e-06 2.811076235e-05 -4.110443756e-05 -7.242203289e-05 5.933443489e-05 1.384702502e-05
	 -1.190454341e-05 2.811076235e-05 -5.324951034e-05 4.823446627e-05 6.972701868e-05 -4.669555189e-05 3.653567659e-06
	 1.92544897e-05 -4.110443756e-05 4.823446627e-05 -1.473297894e-05 -1.0365897e-05 -6.283858521e-06 -2.502667146e-05
	 3.207378079e-05 -7.242203289e-05 6.972701868e-05 -1.0365897e-05 -2.356279976e-05 -1.723427794e-05 -4.929712096e-05
	 -2.871502473e-05 5.933443489e-05 -4.669555189e-05 -6.283858521e-06 -1.723427794e-05 5.799629768e-06 5.427314131e-05
	 -1.114714006e-05 1.384702502e-05 3.653567659e-06 -2.502667146e-05 -4.929712096e-05 5.427314131e-05 5.988592934e-07
	
	