11	
	  6 6	
	 -9.575858851e-06 -3.402294968e-06 0.0001281292755 -5.103562303e-05 -0.0002934206781 0.0002194788959
	 -3.402294968e-06 -0.001691037739 0.002802312909 0.001690231679 0.003077625923 -0.005863321246
	 0.0001281292755 0.002802312909 -0.01423968066 -0.0003920189394 0.004516837752 0.008472642788
	 -5.103562303e-05 0.001690231679 -0.0003920189394 -0.006012765458 -0.01689170157 0.01234979948
	 -0.0002934206781 0.003077625923 0.004516837752 -0.01689170157 -0.06207606531 0.05009164631
	 0.0002194788959 -0.005863321246 0.008472642788 0.01234979948 0.05009164631 -0.1087974376
		  6 6	
	 -5.774758524e-06 7.569163212e-06 6.387213087e-05 -2.949971965e-05 -0.0001128767279 0.0001933727533
	 7.569163212e-06 -0.0006432752272 0.00145017542 0.0003703405634 -0.0002022140803 -0.003719502632
	 6.387213087e-05 0.00145017542 -0.01101287301 0.001741445016 0.01061660215 -0.000274625974
	 -2.949971965e-05 0.0003703405634 0.001741445016 -0.002208478132 -0.005735319872 0.00721341468
	 -0.0001128767279 -0.0002022140803 0.01061660215 -0.005735319872 -0.02068802542 0.02556601631
	 0.0001933727533 -0.003719502632 -0.000274625974 0.00721341468 0.02556601631 -0.06836386806
		  6 6	
	 4.681214296e-06 3.103364339e-06 -7.446775572e-05 -3.130824188e-05 4.385309503e-06 -2.851464506e-05
	 3.103364339e-06 -5.310297252e-05 0.000543737432 4.956764725e-05 0.001272379217 -0.001323346591
	 -7.446775572e-05 0.000543737432 -0.002436100476 0.0004181293349 -0.003471145646 0.01164947066
	 -3.130824188e-05 4.956764725e-05 0.0004181293349 -0.0009641844443 -0.004794215251 0.003224354706
	 4.385309503e-06 0.001272379217 -0.003471145646 -0.004794215251 -0.0180536344 0.02295282884
	 -2.851464506e-05 -0.001323346591 0.01164947066 0.003224354706 0.02295282884 -0.05702046812
		  6 6	
	 -4.4341813e-06 -6.85871195e-06 0.0001037194772 3.495579282e-05 2.03749436e-05 2.717337928e-05
	 -6.85871195e-06 -0.0004980141887 0.0009699356838 0.0002825722016 -0.0008144720408 0.0009415296073
	 0.0001037194772 0.0009699356838 -0.003538782625 -0.000659796615 0.002829479161 -0.005270519976
	 3.495579282e-05 0.0002825722016 -0.000659796615 0.0005640720655 0.002840023289 3.811307712e-05
	 2.03749436e-05 -0.0008144720408 0.002829479161 0.002840023289 0.00595444953 0.002777677833
	 2.717337928e-05 0.0009415296073 -0.005270519976 3.811307712e-05 0.002777677833 -0.01271618131
		  6 6	
	 -3.767866093e-06 5.407811652e-06 4.412956656e-05 1.969375035e-05 1.226096514e-06 7.926296448e-05
	 5.407811652e-06 -0.0004747903076 0.0006735758712 0.000182582339 -0.0007494534244 -0.0004628291218
	 4.412956656e-05 0.0006735758712 -0.001991168289 -0.0003572595254 0.002848426812 -0.004162075646
	 1.969375035e-05 0.000182582339 -0.0003572595254 0.0001604176671 0.001491593556 0.00121652458
	 1.226096514e-06 -0.0007494534244 0.002848426812 0.001491593556 0.00443688425 0.001059122641
	 7.926296448e-05 -0.0004628291218 -0.004162075646 0.00121652458 0.001059122641 -0.0005313724151
	
	  6 6	
	 -6.282702485e-07 1.103883298e-05 2.343584267e-05 -9.780846551e-06 -1.308705731e-05 0.0001064072911
	 1.103883298e-05 -0.0003538960634 0.0009469857819 -0.0001292421205 -0.0003032299015 -0.0008293354842
	 2.343584267e-05 0.0009469857819 -0.003871761121 0.001312671082 0.004861869682 0.001562771028
	 -9.780846551e-06 -0.0001292421205 0.001312671082 0.0004632534225 -0.0001628160544 0.002244345446
	 -1.308705731e-05 -0.0003032299015 0.004861869682 -0.0001628160544 -0.006544049135 0.01834769117
	 0.0001064072911 -0.0008293354842 0.001562771028 0.002244345446 0.01834769117 -0.05254036886
		  6 6	
	 2.511438721e-07 -3.067021793e-06 -4.236756805e-06 1.141816158e-05 5.724027965e-06 -1.186011209e-05
	 -3.067021793e-06 4.538811423e-05 -0.0002751811437 0.0002218847292 0.0007112294395 0.0003597595525
	 -4.236756805e-06 -0.0002751811437 0.0009159317656 -0.001049389145 -0.002872428096 -0.002884771493
	 1.141816158e-05 0.0002218847292 -0.001049389145 -5.597146734e-05 -0.0001443351583 -7.44581288e-05
	 5.724027965e-06 0.0007112294395 -0.002872428096 -0.0001443351583 -0.0008424363528 -0.00196017766
	 -1.186011209e-05 0.0003597595525 -0.002884771493 -7.44581288e-05 -0.00196017766 0.01391051185
		  6 6	
	 9.316758172e-07 2.193267221e-05 -6.749951583e-05 7.469950991e-06 3.670827758e-05 8.266129144e-05
	 2.193267221e-05 -0.0002097787078 -8.152034595e-05 0.0001136500028 0.0003198826349 0.0004627178449
	 -6.749951583e-05 -8.152034595e-05 0.0005960460955 -0.0006489798482 0.0001099947832 -0.008135169548
	 7.469950991e-06 0.0001136500028 -0.0006489798482 0.001005133779 0.001438723139 0.001680128546
	 3.670827758e-05 0.0003198826349 0.0001099947832 0.001438723139 0.0003382508042 0.004721258633
	 8.266129144e-05 0.0004627178449 -0.008135169548 0.001680128546 0.004721258633 0.009162275224
		  6 6	
	 2.88532514e-06 1.882979324e-05 -7.555465945e-05 -2.172269909e-05 1.178752441e-05 7.359947891e-05
	 1.882979324e-05 0.0001407993896 -0.0003006516237 -0.0004599765878 -0.0005022802857 0.0004403939866
	 -7.555465945e-05 -0.0003006516237 0.001216198396 0.001134771809 0.002683218595 -0.002540900219
	 -2.172269909e-05 -0.0004599765878 0.001134771809 0.0009724855614 0.0001781266635 0.0007296216043
	 1.178752441e-05 -0.0005022802857 0.002683218595 0.0001781266635 -0.002927280115 0.004711360771
	 7.359947891e-05 0.0004403939866 -0.002540900219 0.0007296216043 0.004711360771 -0.005693438675
		  6 6	
	 -3.625832513e-06 -2.627354936e-05 0.000113225862 3.406808912e-05 -1.271496456e-05 -6.944333288e-05
	 -2.627354936e-05 -0.0002649398405 0.0005896942346 0.0005913257544 0.0007007859084 -0.0006041929363
	 0.000113225862 0.0005896942346 -0.002576552752 -0.001478422479 -0.002911542717 0.001844905645
	 3.406808912e-05 0.0005913257544 -0.001478422479 -0.001448630652 -0.001756373092 0.0006246082867
	 -1.271496456e-05 0.0007007859084 -0.002911542717 -0.001756373092 -0.004208663052 0.0006443464494
	 -6.944333288e-05 -0.0006041929363 0.001844905645 0.0006246082867 0.0006443464494 -0.0002431004149
	
	  6 6	
	 -1.202890906e-06 -5.278759534e-06 1.776578914e-05 3.153312297e-05 4.964059103e-05 -2.333471178e-05
	 -5.278759534e-06 -0.0001509815324 7.829693847e-05 2.605824867e-05 -0.001020149681 0.001081687842
	 1.776578914e-05 7.829693847e-05 -0.0005801576111 -0.0005619848683 0.0004407200333 -0.003741871102
	 3.153312297e-05 2.605824867e-05 -0.0005619848683 5.932745356e-05 0.001300460595 -0.0001966876891
	 4.964059103e-05 -0.001020149681 0.0004407200333 0.001300460595 0.003222830494 -0.001038766143
	 -2.333471178e-05 0.001081687842 -0.003741871102 -0.0001966876891 -0.001038766143 0.003382219491
		