function [alpha]=L2alpha(L)
alpha = 211.23307*L-13.385999;