42	
	  6 6	
	 -0.0004371044683 0.0005854461716 -0.0003772286361 0.0002584660691 5.712468396e-05 -0.0001634488094
	 0.0005854461716 -0.0009112456099 0.0006917124753 -0.0004681757153 -0.0001300461355 0.0002873082839
	 -0.0003772286361 0.0006917124753 -0.0007484268779 0.0006000176876 0.0001856961403 -0.0002971400888
	 0.0002584660691 -0.0004681757153 0.0006000176876 -0.0006727410653 -0.0003152233944 0.0002714146168
	 5.712468396e-05 -0.0001300461355 0.0001856961403 -0.0003152233944 -0.0003681542538 0.0002599262823
	 -0.0001634488094 0.0002873082839 -0.0002971400888 0.0002714146168 0.0002599262823 -0.0004406139733
		  6 6	
	 4.500690021e-05 -0.0001889250836 0.0002560924734 -0.0002029744142 -0.0001026894138 0.0001189322095
	 -0.0001889250836 0.0002694736155 -0.0001472800892 9.626183499e-05 4.597849052e-05 -0.0001479246195
	 0.0002560924734 -0.0001472800892 -0.0001620334246 0.0001216479561 2.647196684e-05 7.199612595e-05
	 -0.0002029744142 9.626183499e-05 0.0001216479561 -0.0001833700633 -0.0001005187254 -2.925566278e-05
	 -0.0001026894138 4.597849052e-05 2.647196684e-05 -0.0001005187254 -0.0002042859122 0.0001029310442
	 0.0001189322095 -0.0001479246195 7.199612595e-05 -2.925566278e-05 0.0001029310442 -0.000180526308
		  6 6	
	 4.210981797e-06 1.768421102e-05 -8.169561955e-05 7.792956066e-05 1.974680847e-05 -3.255313284e-05
	 1.768421102e-05 -0.0002418997702 0.0003286525118 -0.0001343209436 7.091507864e-05 1.663101473e-06
	 -8.169561955e-05 0.0003286525118 -0.0002744273032 5.599041728e-05 -0.0001095942689 4.303345259e-05
	 7.792956066e-05 -0.0001343209436 5.599041728e-05 -5.269416348e-05 4.757621604e-06 -4.194848597e-05
	 1.974680847e-05 7.091507864e-05 -0.0001095942689 4.757621604e-06 -0.0001134626358 4.737038587e-05
	 -3.255313284e-05 1.663101473e-06 4.303345259e-05 -4.194848597e-05 4.737038587e-05 -0.0001792554948
		  6 6	
	 3.835555318e-05 -7.074196169e-05 0.000101196167 -0.0001404598286 -9.398038186e-05 6.764140703e-05
	 -7.074196169e-05 5.741461524e-05 -0.0001370611233 0.0002471280064 0.0001062497192 -2.454619513e-06
	 0.000101196167 -0.0001370611233 0.0001395807123 -0.0001123319755 1.214377515e-05 -4.377959805e-05
	 -0.0001404598286 0.0002471280064 -0.0001123319755 -8.422210318e-05 -0.0001165843196 2.337100943e-06
	 -9.398038186e-05 0.0001062497192 1.214377515e-05 -0.0001165843196 -0.0001649988636 5.79460214e-05
	 6.764140703e-05 -2.454619513e-06 -4.377959805e-05 2.337100943e-06 5.79460214e-05 -0.0001345223878
		  6 6	
	 -7.614985999e-06 -7.655287695e-06 1.949432273e-05 -4.186487748e-06 -1.361212403e-05 2.340611725e-05
	 -7.655287695e-06 8.721347552e-05 -7.604259559e-05 2.736733723e-05 3.448532744e-05 7.858942299e-06
	 1.949432273e-05 -7.604259559e-05 8.143501841e-05 -8.230153383e-05 -2.046909635e-05 -6.933090644e-05
	 -4.186487748e-06 2.736733723e-05 -8.230153383e-05 9.68996812e-05 -5.434550709e-06 6.405123522e-05
	 -1.361212403e-05 3.448532744e-05 -2.046909635e-05 -5.434550709e-06 3.35068571e-06 -1.676175821e-05
	 2.340611725e-05 7.858942299e-06 -6.933090644e-05 6.405123522e-05 -1.676175821e-05 8.076634867e-05
	
	  6 6	
	 -2.236783034e-05 3.923738786e-05 -6.484969784e-05 8.567181686e-05 4.692311731e-05 -4.787933449e-05
	 3.923738786e-05 -4.338141247e-05 9.991878526e-05 -0.000139812548 -7.268254254e-05 9.438287889e-05
	 -6.484969784e-05 9.991878526e-05 -7.676224986e-05 5.183154828e-05 3.974865197e-05 -7.080275204e-05
	 8.567181686e-05 -0.000139812548 5.183154828e-05 2.905429501e-05 2.945776918e-05 6.392423088e-06
	 4.692311731e-05 -7.268254254e-05 3.974865197e-05 2.945776918e-05 0.0001083526865 -8.642448361e-05
	 -4.787933449e-05 9.438287889e-05 -7.080275204e-05 6.392423088e-06 -8.642448361e-05 0.0001089797383
		  6 6	
	 -6.799917469e-06 -1.39606338e-06 4.019990527e-06 3.416616135e-06 -7.820649112e-06 9.765300772e-06
	 -1.39606338e-06 4.4982022e-05 -3.568995617e-05 1.414205788e-05 1.822606074e-05 -2.369501185e-05
	 4.019990527e-06 -3.568995617e-05 5.789929255e-05 -5.969045844e-05 -1.085865743e-05 1.093670051e-05
	 3.416616135e-06 1.414205788e-05 -5.969045844e-05 6.577064169e-05 8.616042781e-06 5.204737044e-06
	 -7.820649112e-06 1.822606074e-05 -1.085865743e-05 8.616042781e-06 2.025735813e-05 6.870356864e-06
	 9.765300772e-06 -2.369501185e-05 1.093670051e-05 5.204737044e-06 6.870356864e-06 1.158477632e-05
		  6 6	
	 -1.444226216e-05 2.570927375e-05 -4.394070588e-05 5.66251131e-05 2.935450127e-05 -2.744974273e-05
	 2.570927375e-05 -3.259271213e-05 7.071345911e-05 -9.155800819e-05 -4.502532571e-05 5.053464068e-05
	 -4.394070588e-05 7.071345911e-05 -5.161416203e-05 3.37692041e-05 2.54248927e-05 -4.606807798e-05
	 5.66251131e-05 -9.155800819e-05 3.37692041e-05 1.806588661e-05 2.1285302e-05 1.922190506e-05
	 2.935450127e-05 -4.502532571e-05 2.54248927e-05 2.1285302e-05 7.39151367e-05 -4.783527105e-05
	 -2.744974273e-05 5.053464068e-05 -4.606807798e-05 1.922190506e-05 -4.783527105e-05 9.663371226e-05
		  6 6	
	 3.690843526e-06 2.601751333e-06 -5.049949135e-06 1.182713351e-06 8.390845423e-06 -8.932145775e-06
	 2.601751333e-06 -2.994991348e-05 2.455895657e-05 -1.666964593e-05 -1.649734233e-05 1.40680145e-05
	 -5.049949135e-06 2.455895657e-05 -4.297147286e-05 4.90400014e-05 6.694307323e-06 4.667804228e-07
	 1.182713351e-06 -1.666964593e-05 4.90400014e-05 -5.215501413e-05 -4.661695134e-06 -1.026579127e-05
	 8.390845423e-06 -1.649734233e-05 6.694307323e-06 -4.661695134e-06 -1.49376598e-05 6.436097707e-06
	 -8.932145775e-06 1.40680145e-05 4.667804228e-07 -1.026579127e-05 6.436097707e-06 -3.426885466e-05
		  6 6	
	 1.09310394e-05 -1.935091944e-05 3.37443051e-05 -4.288731587e-05 -2.229421442e-05 2.178417535e-05
	 -1.935091944e-05 2.385447319e-05 -5.216333068e-05 6.686431693e-05 3.399878065e-05 -3.770929848e-05
	 3.37443051e-05 -5.216333068e-05 3.450800325e-05 -2.315656642e-05 -2.031598814e-05 3.231866618e-05
	 -4.288731587e-05 6.686431693e-05 -2.315656642e-05 -1.115817948e-05 -1.341665696e-05 -1.259261723e-05
	 -2.229421442e-05 3.399878065e-05 -2.031598814e-05 -1.341665696e-05 -5.266562484e-05 3.660953347e-05
	 2.178417535e-05 -3.770929848e-05 3.231866618e-05 -1.259261723e-05 3.660953347e-05 -5.802900649e-05
	
	  6 6	
	 4.320528488e-06 -2.622374467e-07 1.432233844e-07 -3.416040497e-06 4.963369604e-06 -5.430735553e-06
	 -2.622374467e-07 -2.176846861e-05 1.557682326e-05 -4.897730325e-06 -6.973077431e-06 7.116286646e-06
	 1.432233844e-07 1.557682326e-05 -3.24427826e-05 3.277169867e-05 4.761733519e-07 4.653129276e-06
	 -3.416040497e-06 -4.897730325e-06 3.277169867e-05 -4.039075704e-05 -7.22788841e-06 -9.673259592e-06
	 4.963369604e-06 -6.973077431e-06 4.761733519e-07 -7.22788841e-06 -2.137422508e-05 7.264845092e-06
	 -5.430735553e-06 7.116286646e-06 4.653129276e-06 -9.673259592e-06 7.264845092e-06 -2.856572316e-05
		  6 6	
	 -9.93656856e-06 1.620240952e-05 -2.80070695e-05 3.511484212e-05 1.63168945e-05 -1.635708289e-05
	 1.620240952e-05 -1.738402299e-05 4.038491698e-05 -5.438142659e-05 -2.570681442e-05 2.788994804e-05
	 -2.80070695e-05 4.038491698e-05 -2.080842804e-05 1.292953462e-05 1.524336136e-05 -2.520174953e-05
	 3.511484212e-05 -5.438142659e-05 1.292953462e-05 2.115333457e-05 1.564911882e-05 1.319665003e-05
	 1.63168945e-05 -2.570681442e-05 1.524336136e-05 1.564911882e-05 4.725682193e-05 -2.71325931e-05
	 -1.635708289e-05 2.788994804e-05 -2.520174953e-05 1.319665003e-05 -2.71325931e-05 5.444577628e-05
		  6 6	
	 -3.581130617e-06 4.746983985e-07 -4.084862093e-07 2.224019039e-06 -5.21050107e-06 4.638367221e-06
	 4.746983985e-07 1.493433494e-05 -1.021200147e-05 4.862410972e-06 8.566507006e-06 -4.926170478e-06
	 -4.084862093e-07 -1.021200147e-05 2.561786604e-05 -2.670243519e-05 3.983226799e-07 -5.032887812e-06
	 2.224019039e-06 4.862410972e-06 -2.670243519e-05 3.129222347e-05 1.679384325e-06 9.980526738e-06
	 -5.21050107e-06 8.566507006e-06 3.983226799e-07 1.679384325e-06 1.598792874e-05 -5.312940984e-06
	 4.638367221e-06 -4.926170478e-06 -5.032887812e-06 9.980526738e-06 -5.312940984e-06 2.136450436e-05
		  6 6	
	 7.77250736e-06 -1.305444359e-05 2.248106726e-05 -2.765601065e-05 -1.260909683e-05 1.365206802e-05
	 -1.305444359e-05 1.450776119e-05 -3.184245734e-05 4.070594982e-05 1.924723853e-05 -2.375481072e-05
	 2.248106726e-05 -3.184245734e-05 1.621955565e-05 -1.119624007e-05 -1.413675943e-05 2.138861315e-05
	 -2.765601065e-05 4.070594982e-05 -1.119624007e-05 -9.81894025e-06 -6.70636792e-06 -1.133856861e-05
	 -1.260909683e-05 1.924723853e-05 -1.413675943e-05 -6.70636792e-06 -3.634331825e-05 2.54701934e-05
	 1.365206802e-05 -2.375481072e-05 2.138861315e-05 -1.133856861e-05 2.54701934e-05 -4.711166616e-05
		  6 6	
	 2.603885638e-06 1.932948868e-06 -4.475471607e-06 3.879279508e-06 8.753615135e-06 -7.77437617e-06
	 1.932948868e-06 -1.865145686e-05 1.843006042e-05 -1.665769848e-05 -1.472022189e-05 1.053104143e-05
	 -4.475471607e-06 1.843006042e-05 -3.211536764e-05 3.354121022e-05 4.811185289e-06 -1.669714538e-06
	 3.879279508e-06 -1.665769848e-05 3.354121022e-05 -3.406941616e-05 -4.359309432e-06 -6.138073034e-06
	 8.753615135e-06 -1.472022189e-05 4.811185289e-06 -4.359309432e-06 -1.328133265e-05 -9.314037255e-07
	 -7.77437617e-06 1.053104143e-05 -1.669714538e-06 -6.138073034e-06 -9.314037255e-07 -1.599349659e-05
	
	  6 6	
	 -7.885820403e-06 1.728119492e-05 -3.041171773e-05 3.633250083e-05 2.132523107e-05 -2.235515552e-05
	 1.728119492e-05 -2.919814699e-05 5.026413036e-05 -6.04531016e-05 -3.460280241e-05 3.79089593e-05
	 -3.041171773e-05 5.026413036e-05 -4.072622151e-05 3.661829269e-05 2.238874966e-05 -2.747300781e-05
	 3.633250083e-05 -6.04531016e-05 3.661829269e-05 -9.805925304e-06 7.839586016e-06 8.250230091e-06
	 2.132523107e-05 -3.460280241e-05 2.238874966e-05 7.839586016e-06 4.154936105e-05 -3.041600071e-05
	 -2.235515552e-05 3.79089593e-05 -2.747300781e-05 8.250230091e-06 -3.041600071e-05 4.556748194e-05
		  6 6	
	 -4.124729605e-06 1.578095894e-06 -1.012058614e-06 2.480016755e-06 -4.397440803e-06 3.485168987e-06
	 1.578095894e-06 1.220623043e-05 -1.04176071e-05 7.342693638e-06 8.469428406e-06 -5.356426117e-06
	 -1.012058614e-06 -1.04176071e-05 2.663514036e-05 -2.896524676e-05 -3.658597456e-06 -1.108796598e-07
	 2.480016755e-06 7.342693638e-06 -2.896524676e-05 3.180990599e-05 5.692847501e-06 5.133193015e-06
	 -4.397440803e-06 8.469428406e-06 -3.658597456e-06 5.692847501e-06 1.388962774e-05 -3.470817913e-06
	 3.485168987e-06 -5.356426117e-06 -1.108796598e-07 5.133193015e-06 -3.470817913e-06 2.02707481e-05
		  6 6	
	 6.316876557e-06 -1.316157478e-05 2.336951159e-05 -2.830832902e-05 -1.611114664e-05 1.683524733e-05
	 -1.316157478e-05 1.978418018e-05 -3.703320919e-05 4.669124067e-05 2.703238339e-05 -2.950145841e-05
	 2.336951159e-05 -3.703320919e-05 2.904875519e-05 -2.679337111e-05 -1.81733337e-05 2.189592021e-05
	 -2.830832902e-05 4.669124067e-05 -2.679337111e-05 5.646960309e-06 -6.923445845e-06 -7.346121245e-06
	 -1.611114664e-05 2.703238339e-05 -1.81733337e-05 -6.923445845e-06 -3.381806833e-05 2.283267289e-05
	 1.683524733e-05 -2.950145841e-05 2.189592021e-05 -7.346121245e-06 2.283267289e-05 -3.890705434e-05
		  6 6	
	 -1.781940022e-06 6.871885265e-06 -1.256207389e-05 1.456212456e-05 1.140098227e-05 -1.152413199e-05
	 6.871885265e-06 -1.53399187e-05 2.179988332e-05 -2.568226671e-05 -1.789140794e-05 1.841140065e-05
	 -1.256207389e-05 2.179988332e-05 -2.404446132e-05 2.482168863e-05 8.800223981e-06 -9.068160262e-06
	 1.456212456e-05 -2.568226671e-05 2.482168863e-05 -1.810006755e-05 8.686906719e-07 -2.016201857e-06
	 1.140098227e-05 -1.789140794e-05 8.800223981e-06 8.686906719e-07 7.25864905e-06 -1.074381501e-05
	 -1.152413199e-05 1.841140065e-05 -9.068160262e-06 -2.016201857e-06 -1.074381501e-05 4.450060953e-06
		  6 6	
	 -7.289724477e-06 1.008864202e-05 -1.666150974e-05 2.043892047e-05 7.005546273e-06 -8.580611134e-06
	 1.008864202e-05 -5.321207452e-06 1.833999975e-05 -2.604821631e-05 -1.154620931e-05 1.586635156e-05
	 -1.666150974e-05 1.833999975e-05 -1.041779261e-07 -3.122696401e-06 1.096107762e-05 -1.638535647e-05
	 2.043892047e-05 -2.604821631e-05 -3.122696401e-06 1.911403286e-05 7.030869619e-06 9.999438572e-06
	 7.005546273e-06 -1.154620931e-05 1.096107762e-05 7.030869619e-06 3.448144178e-05 -2.093181012e-05
	 -8.580611134e-06 1.586635156e-05 -1.638535647e-05 9.999438572e-06 -2.093181012e-05 4.376052542e-05
	
	  6 6	
	 -2.119659532e-06 6.60879764e-06 -1.296924435e-05 1.573492112e-05 1.15751881e-05 -1.134884118e-05
	 6.60879764e-06 -1.520615959e-05 2.635179241e-05 -3.30501753e-05 -2.124331069e-05 1.649955251e-05
	 -1.296924435e-05 2.635179241e-05 -3.147589826e-05 3.125521028e-05 1.11570478e-05 -6.589295422e-06
	 1.573492112e-05 -3.30501753e-05 3.125521028e-05 -1.894160941e-05 2.332495581e-06 -1.642532885e-06
	 1.15751881e-05 -2.124331069e-05 1.11570478e-05 2.332495581e-06 1.033724232e-05 -6.772234942e-06
	 -1.134884118e-05 1.649955251e-05 -6.589295422e-06 -1.642532885e-06 -6.772234942e-06 -2.229014721e-06
		  6 6	
	 -6.31137418e-06 1.427654181e-05 -2.519970486e-05 2.977515682e-05 1.960388636e-05 -1.948683506e-05
	 1.427654181e-05 -3.468391612e-05 5.300417347e-05 -5.750696345e-05 -3.381623659e-05 3.647290411e-05
	 -2.519970486e-05 5.300417347e-05 -5.104110863e-05 4.315615128e-05 1.930193767e-05 -2.623756761e-05
	 2.977515682e-05 -5.750696345e-05 4.315615128e-05 -2.154844919e-05 2.061639035e-06 8.757916189e-06
	 1.960388636e-05 -3.381623659e-05 1.930193767e-05 2.061639035e-06 2.029134199e-05 -1.496597434e-05
	 -1.948683506e-05 3.647290411e-05 -2.623756761e-05 8.757916189e-06 -1.496597434e-05 1.622335161e-05
		  6 6	
	 4.358722803e-06 -4.75871014e-06 7.277166821e-06 -8.982701118e-06 -7.388024912e-07 2.444033631e-06
	 -4.75871014e-06 -2.847828024e-06 -3.631423257e-06 7.641955529e-06 -1.4224244e-07 1.409922745e-06
	 7.277166821e-06 -3.631423257e-06 -1.000774103e-05 1.159831026e-05 -2.769416465e-06 -1.692892595e-06
	 -8.982701118e-06 7.641955529e-06 1.159831026e-05 -1.808462086e-05 -5.94670103e-06 -5.27794469e-10
	 -7.388024912e-07 -1.4224244e-07 -2.769416465e-06 -5.94670103e-06 -2.214911626e-05 9.428301248e-06
	 2.444033631e-06 1.409922745e-06 -1.692892595e-06 -5.27794469e-10 9.428301248e-06 -2.176461176e-05
		  6 6	
	 -4.093683382e-06 6.693716169e-06 -1.145068897e-05 1.351763502e-05 5.73815828e-06 -6.235587307e-06
	 6.693716169e-06 -9.254823627e-06 1.710194523e-05 -1.990854376e-05 -1.276856319e-05 2.437961242e-05
	 -1.145068897e-05 1.710194523e-05 -6.129162523e-06 2.694432129e-06 1.173319753e-05 -2.846560176e-05
	 1.351763502e-05 -1.990854376e-05 2.694432129e-06 8.943678094e-06 1.564378447e-06 1.619201359e-05
	 5.73815828e-06 -1.276856319e-05 1.173319753e-05 1.564378447e-06 2.046943631e-05 -1.637029327e-05
	 -6.235587307e-06 2.437961242e-05 -2.846560176e-05 1.619201359e-05 -1.637029327e-05 3.47419521e-05
		  6 6	
	 -2.754836388e-06 3.692060915e-06 -5.898830061e-06 6.790878556e-06 3.009111781e-06 -2.218344024e-06
	 3.692060915e-06 1.304839604e-05 -1.794584082e-05 5.057515201e-06 -1.30478746e-05 1.765680873e-05
	 -5.898830061e-06 -1.794584082e-05 3.274525886e-05 -1.83468967e-05 1.025298067e-05 -2.120478222e-05
	 6.790878556e-06 5.057515201e-06 -1.83468967e-05 7.858218037e-06 -6.26770056e-06 8.3579716e-06
	 3.009111781e-06 -1.30478746e-05 1.025298067e-05 -6.26770056e-06 -1.356449492e-06 -2.593426983e-06
	 -2.218344024e-06 1.765680873e-05 -2.120478222e-05 8.3579716e-06 -2.593426983e-06 -8.263036156e-06
	
	  6 6	
	 7.68901048e-06 -8.095073762e-06 1.770587581e-05 -2.146358331e-05 -6.673387666e-06 5.337357457e-06
	 -8.095073762e-06 -2.770996149e-05 1.491537792e-05 1.969607627e-05 3.072085633e-05 -1.294300157e-05
	 1.770587581e-05 1.491537792e-05 -3.534672925e-05 5.523338902e-06 -3.022228255e-05 2.106340582e-05
	 -2.146358331e-05 1.969607627e-05 5.523338902e-06 4.421583436e-06 1.361745736e-05 -1.95189233e-05
	 -6.673387666e-06 3.072085633e-05 -3.022228255e-05 1.361745736e-05 -1.827615321e-06 -7.614740547e-06
	 5.337357457e-06 -1.294300157e-05 2.106340582e-05 -1.95189233e-05 -7.614740547e-06 9.265835087e-06
		  6 6	
	 -5.010769334e-06 6.775690331e-06 -8.602292625e-06 1.063244845e-05 3.210542589e-06 -6.082243541e-06
	 6.775690331e-06 -1.372305084e-05 1.96608902e-05 -1.426395682e-05 2.959600646e-06 9.418884839e-06
	 -8.602292625e-06 1.96608902e-05 -7.01000377e-06 -4.72685201e-06 -1.344626401e-06 -6.104405983e-06
	 1.063244845e-05 -1.426395682e-05 -4.72685201e-06 2.406068841e-05 1.41933946e-05 1.461247585e-06
	 3.210542589e-06 2.959600646e-06 -1.344626401e-06 1.41933946e-05 3.657658275e-05 -2.315039306e-05
	 -6.082243541e-06 9.418884839e-06 -6.104405983e-06 1.461247585e-06 -2.315039306e-05 4.804757353e-05
		  6 6	
	 5.636417682e-06 -1.179679843e-05 2.374683952e-05 -2.936687521e-05 -1.795737478e-05 1.768537347e-05
	 -1.179679843e-05 -1.755377498e-05 1.735484074e-05 5.406173032e-06 1.969637664e-05 -1.64123028e-05
	 2.374683952e-05 1.735484074e-05 -4.183055667e-05 2.74790973e-05 1.137046395e-05 -8.953896048e-06
	 -2.936687521e-05 5.406173032e-06 2.74790973e-05 -1.703297841e-05 -1.890762935e-05 2.347316041e-05
	 -1.795737478e-05 1.969637664e-05 1.137046395e-05 -1.890762935e-05 4.725140532e-06 6.468014683e-06
	 1.768537347e-05 -1.64123028e-05 -8.953896048e-06 2.347316041e-05 6.468014683e-06 2.249887002e-05
		  6 6	
	 -5.421573135e-06 5.98471377e-06 -1.094148285e-05 1.186218965e-05 2.970909021e-06 -3.200310565e-06
	 5.98471377e-06 8.797937306e-06 -2.000672492e-06 -1.374248226e-05 -1.311362171e-05 3.593652792e-06
	 -1.094148285e-05 -2.000672492e-06 1.318204967e-05 1.304571872e-06 1.24501576e-05 -5.812099897e-06
	 1.186218965e-05 -1.374248226e-05 1.304571872e-06 -4.213831349e-06 -4.180961236e-06 6.32685434e-06
	 2.970909021e-06 -1.311362171e-05 1.24501576e-05 -4.180961236e-06 -2.771344008e-06 9.832919004e-06
	 -3.200310565e-06 3.593652792e-06 -5.812099897e-06 6.32685434e-06 9.832919004e-06 -1.406104967e-05
		  6 6	
	 3.976947692e-06 -3.744577113e-06 7.746781142e-06 -7.945867075e-06 -1.565882333e-06 8.15507891e-07
	 -3.744577113e-06 -1.063630428e-05 5.240569163e-06 1.171782755e-05 1.121498723e-05 1.844030918e-06
	 7.746781142e-06 5.240569163e-06 -1.05863461e-05 -6.269242952e-06 -7.948760645e-06 5.729999474e-08
	 -7.945867075e-06 1.171782755e-05 -6.269242952e-06 1.008705896e-05 3.88224394e-06 -4.267063848e-06
	 -1.565882333e-06 1.121498723e-05 -7.948760645e-06 3.88224394e-06 1.650145173e-05 -1.922075302e-05
	 8.15507891e-07 1.844030918e-06 5.729999474e-08 -4.267063848e-06 -1.922075302e-05 2.938824448e-05
	
	  6 6	
	 -2.543948219e-06 3.317556742e-06 -6.037490815e-06 5.293681437e-06 -9.913696994e-07 -3.069954398e-07
	 3.317556742e-06 -5.201375563e-06 1.331382697e-05 -1.354663623e-05 -6.251665078e-07 3.22588208e-06
	 -6.037490815e-06 1.331382697e-05 -7.864421846e-06 3.783554537e-06 2.523783032e-06 -7.111523723e-06
	 5.293681437e-06 -1.354663623e-05 3.783554537e-06 7.21797494e-06 1.51011756e-06 8.62370209e-06
	 -9.913696994e-07 -6.251665078e-07 2.523783032e-06 1.51011756e-06 5.863953457e-06 -3.179194644e-06
	 -3.069954398e-07 3.22588208e-06 -7.111523723e-06 8.62370209e-06 -3.179194644e-06 1.271684522e-05
		  6 6	
	 7.580744008e-07 -6.626680796e-07 2.086417481e-07 2.442710291e-07 1.125331455e-06 -2.208049164e-06
	 -6.626680796e-07 2.139135316e-07 -6.095116981e-08 -3.351574067e-07 -7.752990226e-07 1.593482929e-06
	 2.086417481e-07 -6.095116981e-08 -2.069302784e-06 5.226957996e-06 2.777245903e-06 -9.233059036e-07
	 2.442710291e-07 -3.351574067e-07 5.226957996e-06 -9.539584874e-06 -4.318083277e-06 8.076268755e-07
	 1.125331455e-06 -7.752990226e-07 2.777245903e-06 -4.318083277e-06 2.847563877e-07 -6.938058543e-06
	 -2.208049164e-06 1.593482929e-06 -9.233059036e-07 8.076268755e-07 -6.938058543e-06 1.655431819e-05
		  6 6	
	 -8.757303938e-06 9.269666572e-06 -1.913750563e-05 2.183299684e-05 6.244594846e-06 -4.847204487e-06
	 9.269666572e-06 2.033765039e-05 -8.055939062e-06 -2.553177313e-05 -2.573774618e-05 -1.616511328e-06
	 -1.913750563e-05 -8.055939062e-06 2.921190706e-05 4.202234621e-06 2.638729414e-05 -2.820185902e-06
	 2.183299684e-05 -2.553177313e-05 4.202234621e-06 -1.395446975e-05 -1.196035082e-05 1.230853091e-05
	 6.244594846e-06 -2.573774618e-05 2.638729414e-05 -1.196035082e-05 -7.940824825e-06 2.444721735e-05
	 -4.847204487e-06 -1.616511328e-06 -2.820185902e-06 1.230853091e-05 2.444721735e-05 -2.820155295e-05
		  6 6	
	 1.36780179e-05 -1.358477343e-05 2.955708764e-05 -3.126351962e-05 -7.28745691e-06 6.361913649e-06
	 -1.358477343e-05 -3.280269982e-05 1.015917272e-05 4.702278236e-05 4.213441017e-05 2.888507559e-06
	 2.955708764e-05 1.015917272e-05 -3.32570084e-05 -2.856432463e-05 -4.465988162e-05 5.807412472e-06
	 -3.126351962e-05 4.702278236e-05 -2.856432463e-05 4.322623414e-05 2.575360032e-05 -2.367223433e-05
	 -7.28745691e-06 4.213441017e-05 -4.465988162e-05 2.575360032e-05 3.293028959e-05 -5.002218963e-05
	 6.361913649e-06 2.888507559e-06 5.807412472e-06 -2.367223433e-05 -5.002218963e-05 7.199892447e-05
		  6 6	
	 -2.815421104e-06 3.825398925e-06 -7.324843318e-06 8.262166948e-06 2.615616674e-06 -3.537713544e-06
	 3.825398925e-06 -1.236951017e-06 5.036574915e-06 -7.144081603e-06 -2.085805614e-06 3.439871123e-06
	 -7.324843318e-06 5.036574915e-06 3.254272426e-06 -3.641999611e-06 5.590200729e-08 -2.134390103e-06
	 8.262166948e-06 -7.144081603e-06 -3.641999611e-06 2.69991199e-06 -2.281425836e-06 3.517540724e-06
	 2.615616674e-06 -2.085805614e-06 5.590200729e-08 -2.281425836e-06 -2.870923378e-06 3.153760153e-06
	 -3.537713544e-06 3.439871123e-06 -2.134390103e-06 3.517540724e-06 3.153760153e-06 -6.083886547e-06
	
	  6 6	
	 -9.410669532e-06 9.076005683e-06 -1.905006529e-05 2.016589194e-05 3.821451015e-06 -5.644456614e-06
	 9.076005683e-06 1.745914787e-05 2.722913789e-06 -3.746800939e-05 -2.572138395e-05 6.012945517e-06
	 -1.905006529e-05 2.722913789e-06 1.064890397e-05 2.123450527e-05 2.680077029e-05 -7.27796536e-06
	 2.016589194e-05 -3.746800939e-05 2.123450527e-05 -1.404705913e-05 -7.011321607e-06 1.374913727e-05
	 3.821451015e-06 -2.572138395e-05 2.680077029e-05 -7.011321607e-06 -5.331018294e-06 1.924585153e-05
	 -5.644456614e-06 6.012945517e-06 -7.27796536e-06 1.374913727e-05 1.924585153e-05 -2.336404052e-05
		  6 6	
	 -2.657031366e-06 4.913569559e-06 -1.170438286e-05 1.41253936e-05 7.1574988e-06 -5.928804565e-06
	 4.913569559e-06 8.532676442e-06 -1.620103948e-06 -1.114425726e-05 -1.208989034e-05 1.256208707e-05
	 -1.170438286e-05 -1.620103948e-06 6.676474924e-06 2.847179175e-07 1.99501557e-07 -7.546932322e-06
	 1.41253936e-05 -1.114425726e-05 2.847179175e-07 -7.817152713e-06 -2.225643773e-06 2.623441793e-06
	 7.1574988e-06 -1.208989034e-05 1.99501557e-07 -2.225643773e-06 -1.814203192e-05 1.141979295e-05
	 -5.928804565e-06 1.256208707e-05 -7.546932322e-06 2.623441793e-06 1.141979295e-05 -2.919397691e-05
		  6 6	
	 2.750482322e-06 -5.453055486e-07 6.886926343e-06 -8.115380452e-06 -2.482524374e-06 1.497572941e-06
	 -5.453055486e-07 -2.042763925e-05 6.803634425e-06 2.01581941e-05 1.678777552e-05 1.982536279e-06
	 6.886926343e-06 6.803634425e-06 -4.509765995e-06 -1.922280008e-05 -1.081644809e-05 -2.624804483e-06
	 -8.115380452e-06 2.01581941e-05 -1.922280008e-05 1.869845415e-05 5.294245444e-06 -3.610762147e-06
	 -2.482524374e-06 1.678777552e-05 -1.081644809e-05 5.294245444e-06 2.407317757e-05 -2.454149153e-05
	 1.497572941e-06 1.982536279e-06 -2.624804483e-06 -3.610762147e-06 -2.454149153e-05 4.398415287e-05
		  6 6	
	 -1.794995753e-06 2.549594992e-06 -5.863161498e-06 7.353348664e-06 3.330373993e-06 -2.185406184e-06
	 2.549594992e-06 1.446824973e-05 -1.545609418e-05 5.124421608e-06 -7.344069648e-06 2.776092491e-06
	 -5.863161498e-06 -1.545609418e-05 2.713079859e-05 -1.733823309e-05 4.508451481e-06 -3.928416861e-06
	 7.353348664e-06 5.124421608e-06 -1.733823309e-05 1.252477636e-06 -1.097520977e-05 4.82965046e-06
	 3.330373993e-06 -7.344069648e-06 4.508451481e-06 -1.097520977e-05 -1.360505381e-05 7.274846442e-06
	 -2.185406184e-06 2.776092491e-06 -3.928416861e-06 4.82965046e-06 7.274846442e-06 -1.399700552e-05
		  6 6	
	 -5.186081195e-06 4.206435444e-06 -1.024314379e-05 1.218639351e-05 2.000532936e-06 -3.203147348e-06
	 4.206435444e-06 1.131300176e-05 3.875654363e-06 -2.250274179e-05 -9.020217349e-06 2.299627712e-06
	 -1.024314379e-05 3.875654363e-06 1.664769734e-06 1.144595404e-05 1.198457862e-05 -5.596206653e-06
	 1.218639351e-05 -2.250274179e-05 1.144595404e-05 -9.071448691e-07 6.093580242e-08 9.586761208e-06
	 2.000532936e-06 -9.020217349e-06 1.198457862e-05 6.093580242e-08 8.645548664e-06 1.509096042e-06
	 -3.203147348e-06 2.299627712e-06 -5.596206653e-06 9.586761208e-06 1.509096042e-06 5.749511928e-06
	
	  6 6	
	 4.285213895e-08 -7.117354763e-07 2.042380789e-06 -2.400335704e-06 -1.667740066e-06 1.139933396e-06
	 -7.117354763e-07 -7.264924774e-06 7.540623035e-06 -5.774955988e-07 6.419583561e-06 -1.035962762e-05
	 2.042380789e-06 7.540623035e-06 -9.36671097e-06 2.645383334e-06 -3.316495538e-06 1.028062738e-05
	 -2.400335704e-06 -5.774955988e-07 2.645383334e-06 -2.265166988e-06 -1.027480234e-06 -4.913847182e-06
	 -1.667740066e-06 6.419583561e-06 -3.316495538e-06 -1.027480234e-06 2.646755804e-06 -6.948313571e-07
	 1.139933396e-06 -1.035962762e-05 1.028062738e-05 -4.913847182e-06 -6.948313571e-07 -4.031589553e-06
		  6 6	
	 6.247119963e-06 -2.156510295e-06 1.499840619e-05 -1.935886397e-05 -3.359803642e-06 3.151349192e-06
	 -2.156510295e-06 -2.94540646e-05 2.283367215e-07 4.441405604e-05 1.911070719e-05 1.131245781e-07
	 1.499840619e-05 2.283367215e-07 -8.787581345e-06 -1.852765601e-05 -1.21616423e-05 9.424612737e-08
	 -1.935886397e-05 4.441405604e-05 -1.852765601e-05 -4.406974302e-06 4.85851339e-06 -1.228204863e-05
	 -3.359803642e-06 1.911070719e-05 -1.21616423e-05 4.85851339e-06 2.542038738e-05 -2.795462537e-05
	 3.151349192e-06 1.131245781e-07 9.424612737e-08 -1.228204863e-05 -2.795462537e-05 4.239512787e-05
		