24	
	  4 4	
	 -4.991396891e-07 2.226055355e-05 1.439845817e-05 -5.90032993e-05
	 2.226055355e-05 -0.007897465686 0.01031849557 -0.001794011036
	 1.439845817e-05 0.01031849557 -0.03462264358 0.04039674629
	 -5.90032993e-05 -0.001794011036 0.04039674629 -0.1243052
		  4 4	
	 -6.638693381e-07 4.444065985e-05 3.933715427e-06 -8.954312618e-05
	 4.444065985e-05 -0.009214444628 0.01425191381 -0.0116385457
	 3.933715427e-06 0.01425191381 -0.04053439089 0.06067272543
	 -8.954312618e-05 -0.0116385457 0.06067272543 -0.1235860787
		  4 4	
	 -2.684757615e-07 6.350620197e-06 2.059026167e-05 -2.690509627e-05
	 6.350620197e-06 -0.005663133698 0.009423761095 -0.0004428221561
	 2.059026167e-05 0.009423761095 -0.03069429959 0.03071188085
	 -2.690509627e-05 -0.0004428221561 0.03071188085 -0.08921298621
		  4 4	
	 -4.0021158e-07 3.421606393e-05 -3.254999522e-05 -3.488424632e-06
	 3.421606393e-05 -0.00741898772 0.01050342274 -0.004599027076
	 -3.254999522e-05 0.01050342274 -0.02389614447 0.02730497896
	 -3.488424632e-06 -0.004599027076 0.02730497896 -0.07538610656
		  4 4	
	 2.187027762e-07 -1.45851411e-05 -2.01507509e-06 3.915222637e-05
	 -1.45851411e-05 0.004559896107 -0.00524657624 -0.002121602216
	 -2.01507509e-06 -0.00524657624 0.01489088474 -0.01670699928
	 3.915222637e-05 -0.002121602216 -0.01670699928 0.06995454519
	
	  4 4	
	 1.841795096e-07 -1.836731267e-05 1.584594438e-05 1.523065568e-05
	 -1.836731267e-05 0.002949447036 -0.003295449751 9.280946183e-05
	 1.584594438e-05 -0.003295449751 0.008527016983 -0.01451736714
	 1.523065568e-05 9.280946183e-05 -0.01451736714 0.04309937007
		  4 4	
	 1.712640752e-07 -9.153148603e-06 -1.274125083e-05 4.561979118e-05
	 -9.153148603e-06 0.003181163193 -0.003481611174 -0.0008820941183
	 -1.274125083e-05 -0.003481611174 0.0126857772 -0.01801912503
	 4.561979118e-05 -0.0008820941183 -0.01801912503 0.05970759949
		  4 4	
	 -1.66677635e-07 1.536840414e-05 -1.199104531e-05 -2.193773861e-05
	 1.536840414e-05 -0.002571058981 0.002939437143 0.0009451398314
	 -1.199104531e-05 0.002939437143 -0.009421333248 0.01193402584
	 -2.193773861e-05 0.0009451398314 0.01193402584 -0.04051143411
		  4 4	
	 -1.485751359e-07 1.075746394e-05 4.86660089e-06 -1.74601472e-05
	 1.075746394e-05 -0.003041486379 0.003163627863 0.0001693905254
	 4.86660089e-06 0.003163627863 -0.009164317146 0.01326527176
	 -1.74601472e-05 0.0001693905254 0.01326527176 -0.03383262971
		  4 4	
	 1.243035584e-07 -1.081332288e-05 8.436733732e-06 3.953466316e-06
	 -1.081332288e-05 0.002643564571 -0.003836952874 0.001280005276
	 8.436733732e-06 -0.003836952874 0.0116777842 -0.01270978445
	 3.953466316e-06 0.001280005276 -0.01270978445 0.04938823644
	
	  4 4	
	 -6.09354273e-09 2.603862047e-06 -7.555763237e-06 2.619958798e-05
	 2.603862047e-06 0.0003971632133 -0.0009844940272 -0.001108692552
	 -7.555763237e-06 -0.0009844940272 0.003779575429 -0.005757618327
	 2.619958798e-05 -0.001108692552 -0.005757618327 0.01492753791
		  4 4	
	 -1.239221427e-07 8.293268172e-06 9.422153873e-06 -2.950695924e-05
	 8.293268172e-06 -0.00182895156 0.00199399703 -0.001333206681
	 9.422153873e-06 0.00199399703 -0.008381203658 0.01267099007
	 -2.950695924e-05 -0.001333206681 0.01267099007 -0.01698443688
		  4 4	
	 -7.117197771e-08 -1.527655821e-06 1.603155764e-05 -1.799936165e-05
	 -1.527655821e-06 -0.0007671114425 0.001900452169 -0.001538926466
	 1.603155764e-05 0.001900452169 -0.007702851192 0.006661781544
	 -1.799936165e-05 -0.001538926466 0.006661781544 -0.0115609631
		  4 4	
	 8.332347181e-08 -7.797052466e-06 4.397105158e-06 6.689986589e-06
	 -7.797052466e-06 0.001543798625 -0.001847648987 0.0004432357871
	 4.397105158e-06 -0.001847648987 0.004071314974 -0.006682653535
	 6.689986589e-06 0.0004432357871 -0.006682653535 0.01563660013
		  4 4	
	 1.227695303e-07 -6.432047945e-06 -2.01221563e-06 1.702865421e-05
	 -6.432047945e-06 0.002306420399 -0.003137807502 0.0004634174214
	 -2.01221563e-06 -0.003137807502 0.008663416821 -0.01130095499
	 1.702865421e-05 0.0004634174214 -0.01130095499 0.03436375482
	
	  4 4	
	 -5.705591091e-08 5.536280525e-06 -3.155898432e-06 3.178587014e-06
	 5.536280525e-06 -0.000883445052 0.001221021201 -0.001599744423
	 -3.155898432e-06 0.001221021201 -0.003375265324 0.004437140625
	 3.178587014e-06 -0.001599744423 0.004437140625 -0.006350098492
		  4 4	
	 -6.679569474e-08 3.057860933e-06 8.701216812e-06 -2.075119166e-05
	 3.057860933e-06 -0.0006467534026 0.0001081946182 0.0007805282596
	 8.701216812e-06 0.0001081946182 -0.003447322689 0.007146250099
	 -2.075119166e-05 0.0007805282596 0.007146250099 -0.01989686639
		  4 4	
	 1.120573632e-08 -4.011993864e-06 9.205748502e-06 -1.807981458e-06
	 -4.011993864e-06 0.0002550675909 -0.0002578035563 0.0003845163901
	 9.205748502e-06 -0.0002578035563 -0.0005389488706 -0.0009646010295
	 -1.807981458e-06 0.0003845163901 -0.0009646010295 0.00111192638
		  4 4	
	 -7.409240879e-08 3.957273331e-06 8.394422217e-06 -2.256617448e-05
	 3.957273331e-06 -0.001788289236 0.0009658530024 0.002914398872
	 8.394422217e-06 0.0009658530024 -0.005919080387 0.00859466383
	 -2.256617448e-05 0.002914398872 0.00859466383 -0.03901796481
		  4 4	
	 1.041660013e-07 -9.319208588e-06 7.251244249e-06 3.959291498e-06
	 -9.319208588e-06 0.001705647643 -0.002065741963 0.0004053272717
	 7.251244249e-06 -0.002065741963 0.007640010148 -0.01264799019
	 3.959291498e-06 0.0004053272717 -0.01264799019 0.04274186747
	
	  4 4	
	 -7.260457241e-09 1.78570912e-06 8.823473457e-07 -1.303049887e-05
	 1.78570912e-06 -0.0004778948877 -0.0001461422967 0.0005225322158
	 8.823473457e-07 -0.0001461422967 -0.0002795592707 0.002725337471
	 -1.303049887e-05 0.0005225322158 0.002725337471 0.002141890974
		  4 4	
	 -8.817654797e-09 2.001969248e-08 5.995658855e-06 -8.413622673e-06
	 2.001969248e-08 -0.0004700308476 -0.000220080808 0.0004386791291
	 5.995658855e-06 -0.000220080808 -0.001390875457 0.002522759339
	 -8.413622673e-06 0.0004386791291 0.002522759339 -0.0007937352002
		  4 4	
	 2.654635856e-08 -2.025656427e-06 -7.089320683e-06 1.546472038e-05
	 -2.025656427e-06 0.0001622353871 0.0006720733355 0.000611576147
	 -7.089320683e-06 0.0006720733355 0.001543731906 -0.004206855844
	 1.546472038e-05 0.000611576147 -0.004206855844 -0.001135427784
		  4 4	
	 5.297487065e-08 -1.032064636e-05 8.823163295e-06 2.289336894e-05
	 -1.032064636e-05 0.002708025295 -0.001237830693 -0.007623750596
	 8.823163295e-06 -0.001237830693 0.001457630007 -0.001897903429
	 2.289336894e-05 -0.007623750596 -0.001897903429 0.04485958812
		