42	
	  5 5	
	 -4.961550663e-06 2.017379425e-05 -9.180638819e-06 -1.004026835e-05 8.68812439e-06
	 2.017379425e-05 -0.0001826473613 0.0001965116912 9.529725301e-05 -3.866903534e-05
	 -9.180638819e-06 0.0001965116912 -0.0004029146025 -0.0002961729859 7.58802841e-05
	 -1.004026835e-05 9.529725301e-05 -0.0002961729859 -0.0004413889488 0.0002384077617
	 8.68812439e-06 -3.866903534e-05 7.58802841e-05 0.0002384077617 -0.0003261089255
		  5 5	
	 -2.80210801e-06 2.347268219e-05 -3.335678334e-05 -2.334332859e-05 -8.56693936e-06
	 2.347268219e-05 -0.0002245021857 0.0001643484298 -6.18598788e-06 6.74345967e-05
	 -3.335678334e-05 0.0001643484298 -8.006317092e-05 4.501136825e-05 -5.383202302e-05
	 -2.334332859e-05 -6.18598788e-06 4.501136825e-05 -0.0001133977044 0.0001237876609
	 -8.56693936e-06 6.74345967e-05 -5.383202302e-05 0.0001237876609 -0.0003497174999
		  5 5	
	 -3.153779953e-06 1.796367762e-05 4.714854442e-06 4.165957595e-05 -4.595937073e-05
	 1.796367762e-05 -2.953431444e-05 -0.000133904643 -0.0001826364155 0.0001627465729
	 4.714854442e-06 -0.000133904643 7.450668836e-05 -0.0001412003824 0.0001185854468
	 4.165957595e-05 -0.0001826364155 -0.0001412003824 -0.0004793289666 0.0004294497011
	 -4.595937073e-05 0.0001627465729 0.0001185854468 0.0004294497011 -0.0006191745559
		  5 5	
	 -2.123013113e-06 6.970594756e-06 8.611448764e-06 1.083285859e-05 1.518012694e-05
	 6.970594756e-06 -3.048483901e-05 1.590227615e-05 4.867717925e-05 -0.0001100995342
	 8.611448764e-06 1.590227615e-05 -0.0002526520637 -0.0002751938601 1.037081583e-05
	 1.083285859e-05 4.867717925e-05 -0.0002751938601 -0.0002862331541 -0.0001007231396
	 1.518012694e-05 -0.0001100995342 1.037081583e-05 -0.0001007231396 0.0001970890496
		  5 5	
	 1.386024478e-06 -4.373816125e-06 -8.027782732e-06 -1.322780658e-05 1.649279244e-05
	 -4.373816125e-06 -4.38114173e-06 2.290896526e-05 8.231873779e-06 -8.52038455e-05
	 -8.027782732e-06 2.290896526e-05 8.542294715e-05 7.094779127e-05 5.188232862e-05
	 -1.322780658e-05 8.231873779e-06 7.094779127e-05 3.836471188e-05 -5.473830725e-05
	 1.649279244e-05 -8.52038455e-05 5.188232862e-05 -5.473830725e-05 0.0003254375377
	
	  5 5	
	 1.103403978e-06 -1.857127428e-06 -7.041185614e-06 -6.94471742e-06 3.27532209e-06
	 -1.857127428e-06 1.386998033e-05 -2.923193999e-05 -2.680356095e-05 1.323603775e-06
	 -7.041185614e-06 -2.923193999e-05 0.0001734707442 0.000130919279 -3.719540291e-05
	 -6.94471742e-06 -2.680356095e-05 0.000130919279 0.0001563222034 -0.0001162207043
	 3.27532209e-06 1.323603775e-06 -3.719540291e-05 -0.0001162207043 0.0001591375987
		  5 5	
	 9.329603492e-07 -2.174835605e-06 -6.463489184e-06 -9.956315363e-06 6.529876769e-06
	 -2.174835605e-06 -3.489259854e-07 4.272379128e-06 8.30496208e-06 -2.972015637e-05
	 -6.463489184e-06 4.272379128e-06 7.084742436e-05 4.545048132e-05 2.066942615e-05
	 -9.956315363e-06 8.30496208e-06 4.545048132e-05 5.029364663e-05 -1.373118167e-05
	 6.529876769e-06 -2.972015637e-05 2.066942615e-05 -1.373118167e-05 3.384602852e-05
		  5 5	
	 6.474424854e-07 -8.365276142e-07 -4.29502558e-06 -3.118367168e-06 1.014215453e-06
	 -8.365276142e-07 9.720261032e-06 -2.457939869e-05 -1.915118617e-05 -5.751358612e-06
	 -4.29502558e-06 -2.457939869e-05 0.000112921062 7.167924573e-05 2.677153083e-06
	 -3.118367168e-06 -1.915118617e-05 7.167924573e-05 7.591533659e-05 -3.925936158e-05
	 1.014215453e-06 -5.751358612e-06 2.677153083e-06 -3.925936158e-05 0.000129535819
		  5 5	
	 -5.047654578e-07 1.099414739e-06 3.343985428e-06 4.393766222e-06 -3.049596288e-06
	 1.099414739e-06 1.608158711e-06 -7.168438328e-07 -2.374142776e-06 2.050022596e-05
	 3.343985428e-06 -7.168438328e-07 -3.557049374e-05 -2.510100373e-06 -3.252291596e-05
	 4.393766222e-06 -2.374142776e-06 -2.510100373e-06 7.429097978e-06 9.531318576e-07
	 -3.049596288e-06 2.050022596e-05 -3.252291596e-05 9.531318576e-07 -5.890255587e-05
		  5 5	
	 -5.548119798e-07 7.040583557e-07 3.542253224e-06 2.999586066e-06 -1.114798374e-06
	 7.040583557e-07 -8.068732594e-06 1.862418936e-05 1.073008177e-05 8.981762409e-06
	 3.542253224e-06 1.862418936e-05 -8.125790597e-05 -4.684498662e-05 -1.097062803e-05
	 2.999586066e-06 1.073008177e-05 -4.684498662e-05 -6.137478112e-05 3.679106851e-05
	 -1.114798374e-06 8.981762409e-06 -1.097062803e-05 3.679106851e-05 -0.0001014575305
	
	  5 5	
	 -5.188594209e-07 9.191724611e-07 3.863909941e-06 4.998998908e-06 -1.771800072e-06
	 9.191724611e-07 -8.094905297e-07 1.192006157e-06 -4.716885593e-06 1.846045439e-05
	 3.863909941e-06 1.192006157e-06 -4.30837297e-05 -1.919844664e-05 -2.964009852e-05
	 4.998998908e-06 -4.716885593e-06 -1.919844664e-05 -2.088883219e-05 1.279214462e-06
	 -1.771800072e-06 1.846045439e-05 -2.964009852e-05 1.279214462e-06 -4.40399874e-05
		  5 5	
	 4.786297869e-07 -2.690640677e-07 -3.974651437e-06 -3.176073301e-06 1.591402565e-07
	 -2.690640677e-07 6.233398129e-06 -1.702189563e-05 -8.364261259e-06 -1.104696335e-05
	 -3.974651437e-06 -1.702189563e-05 8.176861062e-05 4.632505236e-05 2.429031729e-05
	 -3.176073301e-06 -8.364261259e-06 4.632505236e-05 5.416161486e-05 -1.623413634e-05
	 1.591402565e-07 -1.104696335e-05 2.429031729e-05 -1.623413634e-05 8.438100824e-05
		  5 5	
	 3.748465937e-07 -4.496385836e-07 -3.247342694e-06 -3.760046713e-06 1.366459734e-06
	 -4.496385836e-07 3.049947751e-07 -2.822049354e-06 2.546330193e-06 -1.653969551e-05
	 -3.247342694e-06 -2.822049354e-06 3.80214923e-05 1.26052867e-05 2.93425765e-05
	 -3.760046713e-06 2.546330193e-06 1.26052867e-05 1.257825851e-05 -1.260246342e-06
	 1.366459734e-06 -1.653969551e-05 2.93425765e-05 -1.260246342e-06 4.85742557e-05
		  5 5	
	 -4.112547776e-07 3.251678185e-07 3.258985545e-06 2.91835569e-06 -7.47716861e-07
	 3.251678185e-07 -5.62147211e-06 1.393160765e-05 5.721918063e-06 1.100763724e-05
	 3.258985545e-06 1.393160765e-05 -6.371665183e-05 -3.631962896e-05 -1.604977658e-05
	 2.91835569e-06 5.721918063e-06 -3.631962896e-05 -4.738368454e-05 2.171915808e-05
	 -7.47716861e-07 1.100763724e-05 -1.604977658e-05 2.171915808e-05 -7.350713884e-05
		  5 5	
	 -3.093333228e-07 4.353419892e-07 2.765264775e-06 3.472647751e-06 -1.101877798e-06
	 4.353419892e-07 1.082905551e-06 3.622398536e-07 -3.271535967e-06 1.396610874e-05
	 2.765264775e-06 3.622398536e-07 -2.690035328e-05 -5.684525731e-06 -2.658730319e-05
	 3.472647751e-06 -3.271535967e-06 -5.684525731e-06 -3.667544755e-06 -4.883360202e-06
	 -1.101877798e-06 1.396610874e-05 -2.658730319e-05 -4.883360202e-06 -3.041203597e-05
	
	  5 5	
	 2.814752613e-07 -1.277384767e-07 -1.917883565e-06 -1.044875131e-06 5.648617841e-07
	 -1.277384767e-07 7.744891414e-06 -1.748092343e-05 -9.455534973e-06 -6.288352962e-06
	 -1.917883565e-06 -1.748092343e-05 5.950443635e-05 3.753783933e-05 2.435157673e-06
	 -1.044875131e-06 -9.455534973e-06 3.753783933e-05 5.060096056e-05 -2.923902692e-05
	 5.648617841e-07 -6.288352962e-06 2.435157673e-06 -2.923902692e-05 7.231488028e-05
		  5 5	
	 2.970448851e-07 -4.145397336e-07 -2.497716574e-06 -2.916138867e-06 6.762079003e-07
	 -4.145397336e-07 1.534122527e-07 -3.063396409e-06 7.639388877e-07 -1.108060901e-05
	 -2.497716574e-06 -3.063396409e-06 2.942341222e-05 7.156723255e-06 2.328773914e-05
	 -2.916138867e-06 7.639388877e-07 7.156723255e-06 3.076301242e-06 3.399698221e-06
	 6.762079003e-07 -1.108060901e-05 2.328773914e-05 3.399698221e-06 2.743151031e-05
		  5 5	
	 -2.745810139e-07 2.730345291e-07 1.744973123e-06 1.412823659e-06 -1.312444928e-06
	 2.730345291e-07 -6.547726755e-06 1.387430504e-05 5.695978456e-06 1.068599876e-05
	 1.744973123e-06 1.387430504e-05 -4.933631226e-05 -2.938480571e-05 -6.347511992e-06
	 1.412823659e-06 5.695978456e-06 -2.938480571e-05 -4.139829506e-05 2.664336873e-05
	 -1.312444928e-06 1.068599876e-05 -6.347511992e-06 2.664336873e-05 -7.824114495e-05
		  5 5	
	 1.486956334e-08 -1.132623964e-07 5.70206263e-07 6.873411646e-07 1.432559504e-06
	 -1.132623964e-07 4.712743327e-06 -7.057008168e-06 -3.000414674e-06 -6.014093407e-06
	 5.70206263e-07 -7.057008168e-06 9.508896834e-06 9.812468493e-06 -7.50816373e-06
	 6.873411646e-07 -3.000414674e-06 9.812468493e-06 1.760410482e-05 -2.400823621e-05
	 1.432559504e-06 -6.014093407e-06 -7.50816373e-06 -2.400823621e-05 4.888194645e-05
		  5 5	
	 4.043519589e-07 -4.538531762e-07 -3.117777962e-06 -3.319886727e-06 1.669424261e-06
	 -4.538531762e-07 4.879432723e-06 -1.171970412e-05 -1.37855843e-06 -1.723404123e-05
	 -3.117777962e-06 -1.171970412e-05 5.471215126e-05 2.434875255e-05 2.127555423e-05
	 -3.319886727e-06 -1.37855843e-06 2.434875255e-05 3.496721693e-05 -2.150895779e-05
	 1.669424261e-06 -1.723404123e-05 2.127555423e-05 -2.150895779e-05 7.928505339e-05
	
	  5 5	
	 1.192361104e-07 -4.435637969e-07 -3.541586955e-08 -4.429926503e-07 1.795504644e-06
	 -4.435637969e-07 6.525888537e-06 -7.620740724e-06 -1.777893325e-07 -1.001928957e-05
	 -3.541586955e-08 -7.620740724e-06 1.7630724e-05 1.526740203e-05 -2.784409622e-06
	 -4.429926503e-07 -1.777893325e-07 1.526740203e-05 2.722230061e-05 -2.228945654e-05
	 1.795504644e-06 -1.001928957e-05 -2.784409622e-06 -2.228945654e-05 4.330455635e-05
		  5 5	
	 -6.915656148e-08 1.075648311e-06 -8.535315185e-07 1.66679438e-06 -2.964937806e-06
	 1.075648311e-06 1.044724527e-06 -1.16412581e-05 -1.490344457e-05 1.884459673e-05
	 -8.535315185e-07 -1.16412581e-05 3.453659031e-05 2.630666712e-05 -1.329367822e-05
	 1.66679438e-06 -1.490344457e-05 2.630666712e-05 2.439008044e-05 -2.861571515e-06
	 -2.964937806e-06 1.884459673e-05 -1.329367822e-05 -2.861571515e-06 -7.954037566e-06
		  5 5	
	 -4.097631364e-07 1.143623541e-06 1.864909272e-06 3.063243159e-06 -3.083988917e-06
	 1.143623541e-06 -7.136319288e-06 8.655213739e-06 -4.627654065e-06 2.536369326e-05
	 1.864909272e-06 8.655213739e-06 -3.423518101e-05 -7.720465804e-06 -2.557761363e-05
	 3.063243159e-06 -4.627654065e-06 -7.720465804e-06 -1.56759338e-05 1.220773928e-05
	 -3.083988917e-06 2.536369326e-05 -2.557761363e-05 1.220773928e-05 -6.274836617e-05
		  5 5	
	 1.423130431e-08 1.194223838e-06 -2.567623615e-06 -1.055462762e-06 -2.14117619e-06
	 1.194223838e-06 -5.537901476e-06 -2.536432782e-06 -7.617635431e-06 1.346877779e-05
	 -2.567623615e-06 -2.536432782e-06 3.186238482e-05 2.521208539e-05 -8.918203789e-06
	 -1.055462762e-06 -7.617635431e-06 2.521208539e-05 3.179995413e-05 -1.533368698e-05
	 -2.14117619e-06 1.346877779e-05 -8.918203789e-06 -1.533368698e-05 1.698658252e-05
		  5 5	
	 -2.0448213e-08 8.545491855e-07 -1.813670371e-06 -2.14080094e-06 1.251673808e-06
	 8.545491855e-07 -3.118334214e-06 6.440346496e-07 4.851393426e-06 -6.316234224e-06
	 -1.813670371e-06 6.440346496e-07 1.176666459e-05 1.875579761e-05 -1.878995109e-05
	 -2.14080094e-06 4.851393426e-06 1.875579761e-05 4.400580554e-05 -5.295025693e-05
	 1.251673808e-06 -6.316234224e-06 -1.878995109e-05 -5.295025693e-05 4.971934001e-05
	
	  5 5	
	 -9.133849539e-07 2.272921364e-06 5.747144835e-06 1.119731155e-05 -7.971237181e-06
	 2.272921364e-06 -1.772863764e-05 3.048566259e-06 -4.228816553e-05 5.093022786e-05
	 5.747144835e-06 3.048566259e-06 -4.470019761e-05 -4.034036562e-05 7.285416735e-06
	 1.119731155e-05 -4.228816553e-05 -4.034036562e-05 -0.0001347149402 0.0001090140251
	 -7.971237181e-06 5.093022786e-05 7.285416735e-06 0.0001090140251 -0.0001281468761
		  5 5	
	 -2.476884949e-08 7.536776354e-07 -6.041603239e-07 1.958872772e-06 -2.075367149e-06
	 7.536776354e-07 -3.135902837e-06 -1.083185996e-05 -1.941711935e-05 6.686806234e-06
	 -6.041603239e-07 -1.083185996e-05 3.315069057e-05 5.307239839e-07 2.532457234e-05
	 1.958872772e-06 -1.941711935e-05 5.307239839e-07 -3.086557712e-05 3.135808127e-05
	 -2.075367149e-06 6.686806234e-06 2.532457234e-05 3.135808127e-05 1.312187325e-05
		  5 5	
	 -6.817732688e-07 2.494597092e-06 1.695033388e-06 5.306766267e-06 -8.242976467e-06
	 2.494597092e-06 -1.870091948e-05 1.608287104e-05 -1.451566485e-05 4.623101476e-05
	 1.695033388e-06 1.608287104e-05 -2.526524487e-05 -9.865284128e-06 7.642867019e-07
	 5.306766267e-06 -1.451566485e-05 -9.865284128e-06 -2.403210196e-05 5.483705135e-05
	 -8.242976467e-06 4.623101476e-05 7.642867019e-07 5.483705135e-05 -9.133401013e-05
		  5 5	
	 6.090486609e-07 -1.77816157e-06 -3.302537274e-06 -6.498927164e-06 3.657404914e-06
	 -1.77816157e-06 1.318979119e-05 -1.872505223e-07 2.647308861e-05 -2.331471366e-05
	 -3.302537274e-06 -1.872505223e-07 2.452037115e-05 2.500037271e-05 -5.069363186e-06
	 -6.498927164e-06 2.647308861e-05 2.500037271e-05 7.049962332e-05 -4.009134556e-05
	 3.657404914e-06 -2.331471366e-05 -5.069363186e-06 -4.009134556e-05 2.796966396e-05
		  5 5	
	 -6.497543053e-07 2.282593825e-06 3.094308691e-06 7.191236523e-06 -3.846304876e-06
	 2.282593825e-06 -1.546363391e-05 -4.884537261e-06 -3.451358869e-05 2.404756184e-05
	 3.094308691e-06 -4.884537261e-06 -1.372368255e-05 -2.548647132e-05 9.107568616e-06
	 7.191236523e-06 -3.451358869e-05 -2.548647132e-05 -7.542208632e-05 3.697455246e-05
	 -3.846304876e-06 2.404756184e-05 9.107568616e-06 3.697455246e-05 -1.123833421e-05
	
	  5 5	
	 4.654178991e-07 -1.431793816e-06 -2.608052798e-06 -4.791494551e-06 2.817222109e-06
	 -1.431793816e-06 9.009092588e-06 1.063508411e-06 1.860860463e-05 -1.807640908e-05
	 -2.608052798e-06 1.063508411e-06 2.446436234e-05 1.799166029e-05 5.079279024e-06
	 -4.791494551e-06 1.860860463e-05 1.799166029e-05 4.483344084e-05 -2.517936483e-05
	 2.817222109e-06 -1.807640908e-05 5.079279024e-06 -2.517936483e-05 4.475332667e-05
		  5 5	
	 -1.266892729e-07 1.19270494e-06 -1.167896788e-06 -7.200517852e-08 -1.230675193e-06
	 1.19270494e-06 -9.719816919e-06 7.126910377e-06 -2.237905619e-06 1.276412438e-05
	 -1.167896788e-06 7.126910377e-06 -3.033095819e-06 6.567451662e-06 -1.270944095e-05
	 -7.200517852e-08 -2.237905619e-06 6.567451662e-06 4.837718069e-06 5.444422192e-06
	 -1.230675193e-06 1.276412438e-05 -1.270944095e-05 5.444422192e-06 -2.515102855e-05
		  5 5	
	 4.627993998e-07 3.855287831e-07 -5.501205631e-06 -5.460416883e-06 3.692684364e-07
	 3.855287831e-07 7.003108271e-06 -8.299105671e-06 1.199493348e-05 -1.033149298e-05
	 -5.501205631e-06 -8.299105671e-06 5.418739959e-05 4.705966022e-05 -3.359895202e-06
	 -5.460416883e-06 1.199493348e-05 4.705966022e-05 7.683022897e-05 -1.494520907e-05
	 3.692684364e-07 -1.033149298e-05 -3.359895202e-06 -1.494520907e-05 -1.076066595e-05
		  5 5	
	 -1.046851798e-06 8.4997369e-07 1.019204824e-05 1.228258318e-05 -2.861509387e-06
	 8.4997369e-07 -2.018434657e-05 1.101286745e-06 -4.650316702e-05 2.656044451e-05
	 1.019204824e-05 1.101286745e-06 -7.81461207e-05 -8.517738209e-05 1.867186551e-05
	 1.228258318e-05 -4.650316702e-05 -8.517738209e-05 -0.000158776617 3.860347247e-05
	 -2.861509387e-06 2.656044451e-05 1.867186551e-05 3.860347247e-05 2.764390563e-05
		  5 5	
	 6.984999321e-08 2.064735219e-07 -1.107367338e-06 -2.304000077e-07 -1.275029752e-06
	 2.064735219e-07 2.407598992e-06 -6.604288463e-06 -4.13781631e-06 4.502068021e-06
	 -1.107367338e-06 -6.604288463e-06 1.963958859e-05 1.128153937e-05 1.383819123e-06
	 -2.304000077e-07 -4.13781631e-06 1.128153937e-05 9.156740979e-06 1.068519988e-05
	 -1.275029752e-06 4.502068021e-06 1.383819123e-06 1.068519988e-05 -2.577980364e-05
	
	  5 5	
	 7.101259861e-07 -4.952485817e-07 -7.089143619e-06 -8.230681511e-06 3.222478526e-06
	 -4.952485817e-07 1.204183466e-05 -6.902259605e-07 2.903312272e-05 -2.184302236e-05
	 -7.089143619e-06 -6.902259605e-07 6.493791713e-05 5.709334038e-05 -4.470189445e-06
	 -8.230681511e-06 2.903312272e-05 5.709334038e-05 9.542580647e-05 -2.83253075e-05
	 3.222478526e-06 -2.184302236e-05 -4.470189445e-06 -2.83253075e-05 2.251066215e-05
		  5 5	
	 7.715450156e-07 -3.750290653e-06 1.438050581e-07 -4.09463366e-06 8.972821155e-06
	 -3.750290653e-06 2.659158544e-05 -1.756847966e-05 1.77107317e-05 -5.673271716e-05
	 1.438050581e-07 -1.756847966e-05 1.65146225e-05 -8.117986497e-06 2.198537273e-05
	 -4.09463366e-06 1.77107317e-05 -8.117986497e-06 6.239717282e-06 -4.699179185e-05
	 8.972821155e-06 -5.673271716e-05 2.198537273e-05 -4.699179185e-05 0.0001166127207
		  5 5	
	 -4.020343855e-07 -3.183678646e-08 4.979451489e-06 5.557684612e-06 -8.668147587e-07
	 -3.183678646e-08 -5.455472083e-06 -2.560912706e-06 -1.458176005e-05 6.267114715e-06
	 4.979451489e-06 -2.560912706e-06 -4.476473019e-05 -5.753055678e-05 9.190286531e-06
	 5.557684612e-06 -1.458176005e-05 -5.753055678e-05 -7.064422267e-05 2.857483187e-06
	 -8.668147587e-07 6.267114715e-06 9.190286531e-06 2.857483187e-06 2.489084222e-05
		  5 5	
	 3.671150904e-07 -1.276430428e-06 -1.278408653e-06 -4.423279259e-06 5.339915289e-06
	 -1.276430428e-06 6.920985631e-06 -7.548686056e-07 1.766675517e-05 -2.654227077e-05
	 -1.278408653e-06 -7.548686056e-07 1.493075916e-06 2.511457849e-06 -9.496237972e-06
	 -4.423279259e-06 1.766675517e-05 2.511457849e-06 4.482735698e-05 -6.454446989e-05
	 5.339915289e-06 -2.654227077e-05 -9.496237972e-06 -6.454446989e-05 8.138005076e-05
		  5 5	
	 2.329352228e-07 5.669951915e-07 -3.264998835e-06 -3.153145849e-06 1.835898422e-06
	 5.669951915e-07 2.051333943e-06 -5.83102378e-06 1.015739798e-07 1.570069987e-06
	 -3.264998835e-06 -5.83102378e-06 4.384633882e-05 3.966839133e-05 -1.673557448e-05
	 -3.153145849e-06 1.015739798e-07 3.966839133e-05 4.506541108e-05 -9.575328822e-06
	 1.835898422e-06 1.570069987e-06 -1.673557448e-05 -9.575328822e-06 3.01170957e-06
	
	  5 5	
	 -8.66218689e-08 2.367650089e-07 3.702037728e-07 1.469786822e-06 -3.620619186e-06
	 2.367650089e-07 -1.87665542e-06 8.086975856e-07 -5.96672194e-06 1.870233457e-05
	 3.702037728e-07 8.086975856e-07 -4.680689881e-06 -3.327680205e-06 -1.119147702e-07
	 1.469786822e-06 -5.96672194e-06 -3.327680205e-06 -1.481663175e-05 3.828872515e-05
	 -3.620619186e-06 1.870233457e-05 -1.119147702e-07 3.828872515e-05 -9.623788509e-05
		  5 5	
	 1.391433776e-08 -2.634195438e-06 4.573024303e-06 5.9533438e-07 2.878597117e-06
	 -2.634195438e-06 -6.183447826e-06 2.044708359e-05 7.335079998e-07 7.560417806e-06
	 4.573024303e-06 2.044708359e-05 -8.21858467e-05 -3.787278053e-05 -3.795133238e-05
	 5.9533438e-07 7.335079998e-07 -3.787278053e-05 -1.575184227e-05 -3.607288413e-05
	 2.878597117e-06 7.560417806e-06 -3.795133238e-05 -3.607288413e-05 2.515723949e-05
		