88 88	
	   1 8.915660977e-08 -2.785467847e-18 -7.803298539e-09 -1.332425178e-17 -8.859994744e-10 2.678209124e-16 -3.434662648e-09 -3.422320686e-16 1.390107819e-09 2.482981711e-16 -3.229541925e-10 -9.442511538e-18 1.72684966e-09 1.252304066e-16 -1.260170022e-10 3.023625719e-17 9.954350234e-10 -2.407819531e-17 5.208850213e-09 -2.640076685e-16 3.792365927e-09 4.720014336e-17 -5.090354249e-08 3.183929615e-16 -5.775399626e-08 5.293653172e-16 2.07025876e-07 -1.910245643e-16 2.061570058e-07 -5.91663631e-17 -2.596715685e-07 4.064206852e-17 2.63965892e-05 -2.466094074e-17 -5.67242816e-06 2.62930078e-17 5.411908768e-06 -1.07697096e-18 0.0001282987917 -2.067349344e-18 -1.426030925e-05 5.929826201e-18 2.374231247e-05   0   0   0   0   0   0   0   0   0   0   0   0   0   0   0   0   0   0   0   0   0   0   0   0   0   0   0   0   0   0   0   0   0   0   0   0   0   0   0   0   0   0   0   0
	 8.915660977e-08   1 3.789720723e-07 -1.586217424e-16 -4.015433221e-07 7.826347263e-16 3.48829195e-07 5.454623247e-16 -5.224405357e-07 3.310441927e-16 1.683300905e-07 6.347896782e-16 -3.410331591e-07 -3.628123752e-16 1.552064918e-08 8.446934423e-16 -4.162855426e-07 4.525949029e-16 -4.001950978e-07 1.920897083e-16 -1.206480272e-07 4.173894608e-16 -3.343157232e-07 -5.905471357e-17 -2.775914018e-07 4.040534829e-16 -2.134338951e-07 -1.012373779e-17 -7.053538942e-08 -5.066315286e-16 -2.344458803e-07 -4.779425757e-17 -1.63734101e-07 4.872530559e-17 -9.515660875e-09 2.289657111e-17 -4.158577326e-08 -2.958204335e-17 -2.545150619e-08 2.281800881e-18 -2.380579741e-07 -1.019676261e-16 5.655513917e-08 1.695209389e-17   0   0   0   0   0   0   0   0   0   0   0   0   0   0   0   0   0   0   0   0   0   0   0   0   0   0   0   0   0   0   0   0   0   0   0   0   0   0   0   0   0   0   0   0
	 -2.785467847e-18 3.789720723e-07   1 8.720766913e-08 -1.135490017e-16 -2.318938117e-08 -2.264627288e-17 -2.10492514e-08 -2.179415773e-17 -1.454739816e-08 3.506919557e-16 -2.262595804e-08 -2.022629975e-17 -8.010350924e-09 -7.41903453e-17 5.885187325e-10 2.421010746e-17 -3.484376516e-09 6.234670712e-17 -1.322983316e-09 -2.162452152e-16 -6.500239071e-10 -9.237910729e-17 -8.734004171e-09 -1.558252632e-16 9.852382729e-09 -7.148878665e-16 -4.823827502e-07 -1.679219525e-16 -2.992792615e-07 1.362981891e-16 3.032569621e-07 2.237985455e-17 -1.030235826e-05 5.962391971e-17 3.42033171e-06 1.675081769e-17 -1.472153884e-06 6.428185976e-19 -4.251615992e-05 -1.832411786e-16 5.16387921e-05 2.529488138e-16 -1.628450607e-05   0   0   0   0   0   0   0   0   0   0   0   0   0   0   0   0   0   0   0   0   0   0   0   0   0   0   0   0   0   0   0   0   0   0   0   0   0   0   0   0   0   0   0   0
	 -7.803298539e-09 -1.586217424e-16 8.720766913e-08   1 -9.119791328e-08 -3.259738535e-16 1.047522281e-07 1.707398193e-16 -7.568291092e-08 -4.308466968e-16 2.448256706e-08 2.960833313e-16 -1.077219655e-07 -9.435777626e-17 3.256461693e-08 1.560641265e-16 -9.090955082e-08 4.017108809e-16 -9.472331308e-08 -6.719681777e-17 -4.019983057e-08 -6.079477335e-16 -1.105933829e-07 -1.574193792e-16 -1.575557332e-08 -7.157597811e-17 -5.347046215e-08 -3.969704611e-16 2.902665294e-09 -1.401949642e-16 -4.69343113e-09 3.794029977e-17 -3.796999731e-08 9.89810409e-17 5.668274667e-08 -7.574168614e-17 -1.834255491e-08 1.483112339e-17 -2.027982757e-09 -2.067289787e-17 -9.133899732e-08 1.968525745e-17 4.866310457e-08 -9.113905106e-17   0   0   0   0   0   0   0   0   0   0   0   0   0   0   0   0   0   0   0   0   0   0   0   0   0   0   0   0   0   0   0   0   0   0   0   0   0   0   0   0   0   0   0   0
	 -1.332425178e-17 -4.015433221e-07 -1.135490017e-16 -9.119791328e-08   1 4.840686653e-08 2.238513262e-16 2.131203513e-08 -2.703331062e-16 1.840224577e-08 -2.399009065e-18 2.024157052e-08 -5.065722893e-17 9.087014397e-09 8.048655296e-17 7.965174764e-10 -6.96038313e-16 4.644008028e-09 2.061940774e-16 3.040426306e-09 -5.554551695e-16 4.833857927e-09 1.159926918e-17 7.499682725e-08 -1.317940914e-17 6.396112882e-08 3.236708768e-16 5.827840027e-07 -6.795597105e-17 2.143568172e-07 -1.944453069e-16 -3.768562135e-06 -2.157133513e-17 2.542841233e-05 -1.681258756e-16 3.058633971e-06 1.784730184e-17 1.558042568e-05 -1.98766869e-18 -5.240845883e-05 3.651876673e-17 0.000109120584 -1.648889392e-16 -2.024441454e-05   0   0   0   0   0   0   0   0   0   0   0   0   0   0   0   0   0   0   0   0   0   0   0   0   0   0   0   0   0   0   0   0   0   0   0   0   0   0   0   0   0   0   0   0
	 -8.859994744e-10 7.826347263e-16 -2.318938117e-08 -3.259738535e-16 4.840686653e-08   1 -1.249677246e-08 -5.571782727e-17 6.168223357e-08 4.673419583e-17 -4.772107564e-08 1.442581812e-17 4.252146014e-08 1.127050181e-15 9.017240981e-08 7.863176256e-17 -2.417720216e-08 1.407654409e-16 3.463306778e-08 1.072343711e-17 -4.151527347e-08 9.278229498e-17 6.804686208e-08 5.452859301e-17 -7.345958575e-09 4.69171126e-16 1.183691188e-08 -1.447003324e-16 2.888203603e-08 -8.1548097e-18 4.326338171e-08 -7.001574342e-17 2.40530413e-08 -1.748074833e-17 -1.200685356e-08 1.515680756e-17 2.499907668e-08 -3.217327595e-17 1.601375551e-08 -3.535303764e-18 5.396383604e-09 -9.990330096e-18 -3.217659704e-08 -3.899739689e-18   0   0   0   0   0   0   0   0   0   0   0   0   0   0   0   0   0   0   0   0   0   0   0   0   0   0   0   0   0   0   0   0   0   0   0   0   0   0   0   0   0   0   0   0
	 2.678209124e-16 3.48829195e-07 -2.264627288e-17 1.047522281e-07 2.238513262e-16 -1.249677246e-08   1 1.962885311e-08 -8.576123888e-17 -1.498636022e-08 4.900486816e-16 -2.474924032e-08 3.081158579e-16 -1.133232303e-08 1.049050305e-17 8.058449216e-09 3.738987659e-16 -2.516605885e-09 5.626776341e-16 1.592793786e-08 -1.440540198e-16 8.87854603e-09 -1.800012776e-16 -1.821744841e-08 1.766743439e-16 -5.54488276e-08 -1.451433307e-17 3.39755663e-07 1.710451747e-16 2.626249545e-07 1.227134747e-16 -2.179437198e-06 -9.194479115e-17 1.306244638e-06 -3.148446876e-16 2.907024186e-06 3.782870318e-17 -1.468903813e-05 5.29400886e-18 -5.771148836e-05 6.278885831e-17 5.429837195e-05 -1.270625654e-16 -3.701673178e-05   0   0   0   0   0   0   0   0   0   0   0   0   0   0   0   0   0   0   0   0   0   0   0   0   0   0   0   0   0   0   0   0   0   0   0   0   0   0   0   0   0   0   0   0
	 -3.434662648e-09 5.454623247e-16 -2.10492514e-08 1.707398193e-16 2.131203513e-08 -5.571782727e-17 1.962885311e-08   1 4.353645177e-08 2.994329231e-16 -4.418788557e-08 9.408249055e-17 5.07056023e-09 -4.760791032e-17 7.053966866e-08 1.671365412e-16 -1.659413658e-08 -9.088409414e-17 4.477341343e-08 1.202990073e-16 -5.100713939e-08 2.853349067e-16 6.279782352e-08 6.893831751e-17 1.415273424e-08 -1.345251374e-16 2.8166429e-08 -3.692386024e-17 5.134433301e-09 9.267387476e-17 4.792233856e-08 5.180453505e-17 2.141561772e-08 4.114070789e-17 -5.438240931e-09 -4.124110247e-16 2.317481554e-08 7.392268289e-17 -4.200091633e-09 -3.815629317e-17 7.780312571e-09 -1.128558641e-16 -6.458609608e-08 -8.72528639e-17   0   0   0   0   0   0   0   0   0   0   0   0   0   0   0   0   0   0   0   0   0   0   0   0   0   0   0   0   0   0   0   0   0   0   0   0   0   0   0   0   0   0   0   0
	 -3.422320686e-16 -5.224405357e-07 -2.179415773e-17 -7.568291092e-08 -2.703331062e-16 6.168223357e-08 -8.576123888e-17 4.353645177e-08   1 4.734770317e-08 -7.112244491e-17 2.268603124e-08 7.006063617e-17 8.658227353e-09 -1.231014158e-16 5.330162171e-09 3.173182356e-16 8.911674239e-09 -3.225251588e-16 -5.312935569e-09 2.419683022e-16 2.231679201e-09 -1.196244514e-15 -1.543938806e-07 -7.99100941e-16 -1.12614687e-07 -3.950460022e-16 -1.858672996e-06 -4.717677055e-17 -8.002650135e-07 -1.670365913e-16 5.831449293e-06 -1.639188218e-16 -2.205386411e-05 1.434136894e-16 -3.956093212e-06 2.587638008e-17 -3.428747756e-05 -1.04608569e-17 1.528368322e-05 -2.552409908e-16 -3.735643443e-05 6.703111695e-17 -9.427995994e-06   0   0   0   0   0   0   0   0   0   0   0   0   0   0   0   0   0   0   0   0   0   0   0   0   0   0   0   0   0   0   0   0   0   0   0   0   0   0   0   0   0   0   0   0
	 1.390107819e-09 3.310441927e-16 -1.454739816e-08 -4.308466968e-16 1.840224577e-08 4.673419583e-17 -1.498636022e-08 2.994329231e-16 4.734770317e-08   1 -1.819601812e-08 4.957747368e-16 1.782772433e-08 -4.496779332e-16 2.333700825e-08 -1.019793787e-16 3.506012799e-08 8.697560884e-16 1.947860209e-08 -1.815123843e-16 6.616593764e-09 -6.697150701e-17 -5.190038889e-09 -9.981775064e-17 3.246774878e-08 -8.295406581e-16 1.122462204e-08 -4.105094357e-16 2.690512044e-08 1.278829168e-16 4.301465063e-08 1.321100347e-16 2.063319419e-08 -5.279281075e-17 1.552566603e-08 -4.307890985e-16 -9.966879711e-10 7.773284884e-17 9.736885282e-09 -1.963231789e-17 -2.175055037e-09 -2.940570168e-17 -1.489959839e-08 -4.485886489e-18   0   0   0   0   0   0   0   0   0   0   0   0   0   0   0   0   0   0   0   0   0   0   0   0   0   0   0   0   0   0   0   0   0   0   0   0   0   0   0   0   0   0   0   0
	 2.482981711e-16 1.683300905e-07 3.506919557e-16 2.448256706e-08 -2.399009065e-18 -4.772107564e-08 4.900486816e-16 -4.418788557e-08 -7.112244491e-17 -1.819601812e-08   1 1.97950814e-08 -3.809092208e-16 -5.118407764e-10 -1.216364459e-17 -1.390325093e-08 4.297650886e-16 -4.94373037e-09 4.35780849e-16 -8.34664401e-09 -8.369748281e-17 -1.55920315e-08 2.555415022e-16 -1.040219904e-07 -2.378128379e-16 -8.094274262e-08 -7.065295042e-17 -1.495356524e-06 -6.536172883e-16 -6.76116713e-07 2.524691814e-16 4.472835316e-06 1.494884773e-17 -1.323828673e-06 1.566066114e-16 -5.28246888e-06 -5.042623709e-17 -5.628940085e-05 2.801015534e-18 -9.996600377e-05 -2.268883628e-18 -5.067617999e-05 -8.743891336e-17 -7.164312683e-05   0   0   0   0   0   0   0   0   0   0   0   0   0   0   0   0   0   0   0   0   0   0   0   0   0   0   0   0   0   0   0   0   0   0   0   0   0   0   0   0   0   0   0   0
	 -3.229541925e-10 6.347896782e-16 -2.262595804e-08 2.960833313e-16 2.024157052e-08 1.442581812e-17 -2.474924032e-08 9.408249055e-17 2.268603124e-08 4.957747368e-16 1.97950814e-08   1 -5.717852434e-09 2.72886487e-17 -2.375085305e-08 7.663733878e-16 4.974517903e-08 -3.694683601e-17 6.044311947e-09 2.707354469e-16 3.240216977e-08 1.100668493e-16 -2.131580071e-08 1.335152624e-16 4.53893911e-08 -1.277954606e-16 2.474471618e-08 -1.548460931e-17 7.377512318e-09 -1.18143732e-16 3.031410937e-08 1.453644063e-16 7.579147619e-09 3.170544907e-17 1.771594709e-08 1.746412531e-17 -2.893357053e-09 -1.863924588e-16 -2.120459924e-08 -1.327025343e-17 2.087991883e-08 -6.507918246e-17 -1.0736814e-09 -5.692654329e-17   0   0   0   0   0   0   0   0   0   0   0   0   0   0   0   0   0   0   0   0   0   0   0   0   0   0   0   0   0   0   0   0   0   0   0   0   0   0   0   0   0   0   0   0
	 -9.442511538e-18 -3.410331591e-07 -2.022629975e-17 -1.077219655e-07 -5.065722893e-17 4.252146014e-08 3.081158579e-16 5.07056023e-09 7.006063617e-17 1.782772433e-08 -3.809092208e-16 -5.717852434e-09   1 3.047851817e-08 -3.310919442e-16 8.872743938e-10 1.361753693e-17 6.231599088e-09 2.638232345e-16 6.187283839e-09 -8.438698086e-17 7.003431211e-09 -1.48214651e-15 1.294750808e-07 -6.694514311e-17 1.155871328e-07 -4.956333882e-16 1.866611897e-06 -2.022817381e-16 8.224432108e-07 9.958905174e-17 -3.515849098e-06 1.19596817e-17 1.116764984e-05 1.297230959e-17 3.870057251e-07 -9.051182316e-18 -1.665472952e-05 -2.497873692e-18 -2.054665027e-05 2.221735657e-17 -8.552137053e-05 1.203813813e-17 -3.579068883e-05   0   0   0   0   0   0   0   0   0   0   0   0   0   0   0   0   0   0   0   0   0   0   0   0   0   0   0   0   0   0   0   0   0   0   0   0   0   0   0   0   0   0   0   0
	 1.72684966e-09 -3.628123752e-16 -8.010350924e-09 -9.435777626e-17 9.087014397e-09 1.127050181e-15 -1.133232303e-08 -4.760791032e-17 8.658227353e-09 -4.496779332e-16 -5.118407764e-10 2.72886487e-17 3.047851817e-08   1 2.10941016e-09 -8.836417112e-17 1.08943311e-08 2.499120948e-16 9.637484777e-09 -5.651251358e-16 1.265709192e-08 3.019553872e-16 2.978222394e-08 6.21662891e-17 3.000061807e-09 4.165933557e-16 -8.116431407e-09 -5.159989189e-16 1.502108012e-08 -6.528709729e-16 6.580134753e-10 3.611850131e-16 -1.860756096e-09 -7.26957292e-17 1.957333545e-08 3.801992087e-17 -4.276371521e-09 1.386686108e-16 -3.983125927e-09 2.467258745e-17 1.465417899e-08 -1.573974887e-16 4.445045471e-09 -1.447333667e-16   0   0   0   0   0   0   0   0   0   0   0   0   0   0   0   0   0   0   0   0   0   0   0   0   0   0   0   0   0   0   0   0   0   0   0   0   0   0   0   0   0   0   0   0
	 1.252304066e-16 1.552064918e-08 -7.41903453e-17 3.256461693e-08 8.048655296e-17 9.017240981e-08 1.049050305e-17 7.053966866e-08 -1.231014158e-16 2.333700825e-08 -1.216364459e-17 -2.375085305e-08 -3.310919442e-16 2.10941016e-09   1 4.105369322e-08 1.519289646e-16 1.132920902e-08 -8.225055201e-17 2.003109374e-08 -6.585274854e-17 3.043670537e-08 -5.874258193e-17 -4.60800946e-08 5.19004086e-16 -5.294509819e-08 -1.428425377e-16 -3.162495171e-07 2.009484023e-16 -7.319244528e-08 -2.345074242e-16 6.145894965e-07 9.362584467e-17 -1.611075198e-05 -2.548214977e-16 1.696939529e-06 1.27127734e-17 -6.042050898e-06 7.07932932e-18 3.892290682e-05 6.676509567e-17 -7.714329424e-05 7.779648219e-17 -4.606365925e-06   0   0   0   0   0   0   0   0   0   0   0   0   0   0   0   0   0   0   0   0   0   0   0   0   0   0   0   0   0   0   0   0   0   0   0   0   0   0   0   0   0   0   0   0
	 -1.260170022e-10 8.446934423e-16 5.885187325e-10 1.560641265e-16 7.965174764e-10 7.863176256e-17 8.058449216e-09 1.671365412e-16 5.330162171e-09 -1.019793787e-16 -1.390325093e-08 7.663733878e-16 8.872743938e-10 -8.836417112e-17 4.105369322e-08   1 -3.007493071e-08 2.828022782e-16 -2.470849617e-09 9.294661937e-16 -1.670372086e-08 -1.238406215e-15 6.743013322e-09 -8.513019933e-17 -7.807709745e-09 3.145880366e-17 1.800360922e-09 -2.597070779e-16 1.630167054e-08 1.952444825e-16 2.172878265e-08 5.351621923e-16 1.96767527e-08 -1.862794858e-17 7.208586594e-09 2.080312918e-17 7.264788446e-09 4.752363054e-17 2.710076386e-08 -1.392945682e-18 -4.672546925e-08 -6.819525786e-17 -2.018638286e-09 -8.080355504e-17   0   0   0   0   0   0   0   0   0   0   0   0   0   0   0   0   0   0   0   0   0   0   0   0   0   0   0   0   0   0   0   0   0   0   0   0   0   0   0   0   0   0   0   0
	 3.023625719e-17 -4.162855426e-07 2.421010746e-17 -9.090955082e-08 -6.96038313e-16 -2.417720216e-08 3.738987659e-16 -1.659413658e-08 3.173182356e-16 3.506012799e-08 4.297650886e-16 4.974517903e-08 1.361753693e-17 1.08943311e-08 1.519289646e-16 -3.007493071e-08   1 2.203007901e-08 -6.762372238e-17 -1.517181739e-08 2.016544043e-16 -1.863370675e-08 1.56341318e-16 -7.856728301e-08 3.866126775e-16 -5.415291366e-08 3.091303916e-16 6.926282267e-07 9.83016146e-17 4.417638691e-07 -5.053440386e-16 -2.718086488e-06 5.790576631e-17 -3.49379437e-05 1.460864172e-15 9.261460413e-06 -2.020650035e-18 3.758696819e-06 -8.890471049e-18 -7.039027305e-05 2.859911455e-17 6.372597682e-05 1.078453466e-16 -1.568536806e-05   0   0   0   0   0   0   0   0   0   0   0   0   0   0   0   0   0   0   0   0   0   0   0   0   0   0   0   0   0   0   0   0   0   0   0   0   0   0   0   0   0   0   0   0
	 9.954350234e-10 4.525949029e-16 -3.484376516e-09 4.017108809e-16 4.644008028e-09 1.407654409e-16 -2.516605885e-09 -9.088409414e-17 8.911674239e-09 8.697560884e-16 -4.94373037e-09 -3.694683601e-17 6.231599088e-09 2.499120948e-16 1.132920902e-08 2.828022782e-16 2.203007901e-08   1 1.745464615e-08 2.555252762e-16 1.209903472e-08 -1.393138382e-16 -1.300008098e-08 -4.107406757e-16 2.179249e-08 3.489742655e-17 1.389695885e-08 8.770602652e-18 2.180479241e-08 2.042191142e-17 2.723691245e-08 -1.046372834e-15 3.87748559e-09 -5.286845972e-17 1.236906108e-08 -1.226577823e-16 -5.667455732e-09 8.195080822e-17 -1.843429072e-09 1.711361249e-17 2.500585903e-08 -3.525036798e-17 -5.320849945e-09 -1.052853483e-16   0   0   0   0   0   0   0   0   0   0   0   0   0   0   0   0   0   0   0   0   0   0   0   0   0   0   0   0   0   0   0   0   0   0   0   0   0   0   0   0   0   0   0   0
	 -2.407819531e-17 -4.001950978e-07 6.234670712e-17 -9.472331308e-08 2.061940774e-16 3.463306778e-08 5.626776341e-16 4.477341343e-08 -3.225251588e-16 1.947860209e-08 4.35780849e-16 6.044311947e-09 2.638232345e-16 9.637484777e-09 -8.225055201e-17 -2.470849617e-09 -6.762372238e-17 1.745464615e-08   1 1.537212966e-08 1.235212265e-17 5.210103467e-09 -2.579954361e-16 -5.35760021e-08 1.229053541e-16 -3.307508375e-08 1.534319186e-16 -2.374405347e-06 3.723043322e-17 -1.18319719e-06 -4.299335158e-16 6.922032882e-06 -1.954009718e-17 4.397253323e-05 3.354695163e-17 -1.505491727e-05 -3.784252041e-17 -2.770604982e-05 3.471007345e-17 0.0001265557382 6.026431897e-16 -0.0001271074847 1.638039959e-17 1.184523261e-05   0   0   0   0   0   0   0   0   0   0   0   0   0   0   0   0   0   0   0   0   0   0   0   0   0   0   0   0   0   0   0   0   0   0   0   0   0   0   0   0   0   0   0   0
	 5.208850213e-09 1.920897083e-16 -1.322983316e-09 -6.719681777e-17 3.040426306e-09 1.072343711e-17 1.592793786e-08 1.202990073e-16 -5.312935569e-09 -1.815123843e-16 -8.34664401e-09 2.707354469e-16 6.187283839e-09 -5.651251358e-16 2.003109374e-08 9.294661937e-16 -1.517181739e-08 2.555252762e-16 1.537212966e-08   1 2.782683752e-09 -1.154370382e-16 -4.526682363e-09 1.299846596e-15 5.557584329e-09 -2.044311901e-16 -1.599726892e-09 1.096365566e-15 2.943379365e-08 9.542080261e-17 1.442360901e-08 -4.930409379e-17 5.322299623e-09 -9.263364069e-18 -8.816617567e-09 1.196925317e-16 -7.855652557e-12 5.656909538e-17 2.596707301e-08 2.2199463e-17 -5.671927662e-08 -3.26668844e-18 -1.162847217e-08 -1.765216662e-18   0   0   0   0   0   0   0   0   0   0   0   0   0   0   0   0   0   0   0   0   0   0   0   0   0   0   0   0   0   0   0   0   0   0   0   0   0   0   0   0   0   0   0   0
	 -2.640076685e-16 -1.206480272e-07 -2.162452152e-16 -4.019983057e-08 -5.554551695e-16 -4.151527347e-08 -1.440540198e-16 -5.100713939e-08 2.419683022e-16 6.616593764e-09 -8.369748281e-17 3.240216977e-08 -8.438698086e-17 1.265709192e-08 -6.585274854e-17 -1.670372086e-08 2.016544043e-16 1.209903472e-08 1.235212265e-17 2.782683752e-09   1 1.414290483e-09 -1.038811e-16 -9.447410492e-08 2.294924598e-17 -8.943693568e-08 -1.09654106e-17 -1.028011273e-06 2.189900453e-16 -3.930088195e-07 9.327606225e-18 2.254648172e-06 1.240631952e-17 -1.931591973e-05 -6.277359518e-18 7.61537651e-07 3.999581713e-17 -6.414651618e-06 7.752799922e-19 -0.0001119618372 -4.097495413e-18 4.907259913e-05 1.316731973e-16 -1.437330897e-05   0   0   0   0   0   0   0   0   0   0   0   0   0   0   0   0   0   0   0   0   0   0   0   0   0   0   0   0   0   0   0   0   0   0   0   0   0   0   0   0   0   0   0   0
	 3.792365927e-09 4.173894608e-16 -6.500239071e-10 -6.079477335e-16 4.833857927e-09 9.278229498e-17 8.87854603e-09 2.853349067e-16 2.231679201e-09 -6.697150701e-17 -1.55920315e-08 1.100668493e-16 7.003431211e-09 3.019553872e-16 3.043670537e-08 -1.238406215e-15 -1.863370675e-08 -1.393138382e-16 5.210103467e-09 -1.154370382e-16 1.414290483e-09   1 -7.287326865e-09 -7.509963517e-17 3.274244444e-09 2.733906834e-16 2.073844621e-09 4.744570351e-16 3.112672408e-08 -2.92078136e-17 2.076060966e-08 7.777964741e-16 8.684159736e-09 -1.483422035e-16 -8.061337803e-09 -5.390805668e-16 7.068707905e-09 5.644775791e-17 1.236410347e-08 8.901681001e-18 1.436930722e-09 -2.194418844e-17 -2.235969778e-08 -2.988433882e-16   0   0   0   0   0   0   0   0   0   0   0   0   0   0   0   0   0   0   0   0   0   0   0   0   0   0   0   0   0   0   0   0   0   0   0   0   0   0   0   0   0   0   0   0
	 4.720014336e-17 -3.343157232e-07 -9.237910729e-17 -1.105933829e-07 1.159926918e-17 6.804686208e-08 -1.800012776e-16 6.279782352e-08 -1.196244514e-15 -5.190038889e-09 2.555415022e-16 -2.131580071e-08 -1.48214651e-15 2.978222394e-08 -5.874258193e-17 6.743013322e-09 1.56341318e-16 -1.300008098e-08 -2.579954361e-16 -4.526682363e-09 -1.038811e-16 -7.287326865e-09   1 -4.093307136e-08 -1.555373779e-16 -4.84350724e-08 1.005983974e-16 -5.344135201e-07 -1.469795922e-16 -1.893734857e-07 -8.916228792e-17 4.930375449e-07 -1.439568493e-16 -2.690023132e-05 7.214010205e-17 4.81644384e-06 -2.73398942e-17 9.748270844e-06 -6.955728684e-19 0.0001025206133 8.912448907e-17 -1.85740159e-05 7.2424811e-17 2.728478766e-05   0   0   0   0   0   0   0   0   0   0   0   0   0   0   0   0   0   0   0   0   0   0   0   0   0   0   0   0   0   0   0   0   0   0   0   0   0   0   0   0   0   0   0   0
	 -5.090354249e-08 -5.905471357e-17 -8.734004171e-09 -1.574193792e-16 7.499682725e-08 5.452859301e-17 -1.821744841e-08 6.893831751e-17 -1.543938806e-07 -9.981775064e-17 -1.040219904e-07 1.335152624e-16 1.294750808e-07 6.21662891e-17 -4.60800946e-08 -8.513019933e-17 -7.856728301e-08 -4.107406757e-16 -5.35760021e-08 1.299846596e-15 -9.447410492e-08 -7.509963517e-17 -4.093307136e-08   1 6.326264806e-08 1.960394229e-17 2.437612384e-10 -2.309011814e-16 4.24605067e-08 8.782291707e-17 4.705944969e-08 -4.283276208e-17 5.677847256e-09 -8.360331656e-17 4.840966661e-08 7.559193072e-16 5.936389509e-09 -9.31969176e-17 3.513499224e-09 -2.110446116e-17 3.483585591e-08 8.986172537e-18 7.189870722e-09 1.396554042e-16   0   0   0   0   0   0   0   0   0   0   0   0   0   0   0   0   0   0   0   0   0   0   0   0   0   0   0   0   0   0   0   0   0   0   0   0   0   0   0   0   0   0   0   0
	 3.183929615e-16 -2.775914018e-07 -1.558252632e-16 -1.575557332e-08 -1.317940914e-17 -7.345958575e-09 1.766743439e-16 1.415273424e-08 -7.99100941e-16 3.246774878e-08 -2.378128379e-16 4.53893911e-08 -6.694514311e-17 3.000061807e-09 5.19004086e-16 -7.807709745e-09 3.866126775e-16 2.179249e-08 1.229053541e-16 5.557584329e-09 2.294924598e-17 3.274244444e-09 -1.555373779e-16 6.326264806e-08   1 3.313769915e-08 2.395108908e-17 1.95754517e-07 -3.466511983e-16 9.928835341e-08 6.277932919e-16 -1.378099136e-06 -6.748377665e-17 1.405699882e-05 2.008052538e-16 -7.45018331e-08 2.794008321e-17 2.096931691e-05 9.167146421e-18 4.016038001e-05 5.151208369e-17 1.89930849e-05 -6.259557598e-17 3.163282018e-05   0   0   0   0   0   0   0   0   0   0   0   0   0   0   0   0   0   0   0   0   0   0   0   0   0   0   0   0   0   0   0   0   0   0   0   0   0   0   0   0   0   0   0   0
	 -5.775399626e-08 4.040534829e-16 9.852382729e-09 -7.157597811e-17 6.396112882e-08 4.69171126e-16 -5.54488276e-08 -1.345251374e-16 -1.12614687e-07 -8.295406581e-16 -8.094274262e-08 -1.277954606e-16 1.155871328e-07 4.165933557e-16 -5.294509819e-08 3.145880366e-17 -5.415291366e-08 3.489742655e-17 -3.307508375e-08 -2.044311901e-16 -8.943693568e-08 2.733906834e-16 -4.84350724e-08 1.960394229e-17 3.313769915e-08   1 1.819394512e-08 -4.231234503e-16 2.660613884e-08 9.227981915e-17 4.860888214e-08 -9.14537238e-17 2.121932491e-08 6.380805071e-19 2.378770571e-08 1.782008031e-16 6.934135299e-10 9.442048317e-17 -1.630110573e-09 -1.638513768e-17 -5.848550289e-09 1.296258194e-17 -2.786085014e-08 1.722716784e-17   0   0   0   0   0   0   0   0   0   0   0   0   0   0   0   0   0   0   0   0   0   0   0   0   0   0   0   0   0   0   0   0   0   0   0   0   0   0   0   0   0   0   0   0
	 5.293653172e-16 -2.134338951e-07 -7.148878665e-16 -5.347046215e-08 3.236708768e-16 1.183691188e-08 -1.451433307e-17 2.8166429e-08 -3.950460022e-16 1.122462204e-08 -7.065295042e-17 2.474471618e-08 -4.956333882e-16 -8.116431407e-09 -1.428425377e-16 1.800360922e-09 3.091303916e-16 1.389695885e-08 1.534319186e-16 -1.599726892e-09 -1.09654106e-17 2.073844621e-09 1.005983974e-16 2.437612384e-10 2.395108908e-17 1.819394512e-08   1 1.294598119e-07 -6.82700019e-17 5.698719824e-08 -3.24554517e-16 2.034042592e-07 -8.535572185e-17 -2.26941364e-06 -1.716803435e-17 -4.24604506e-07 3.342323188e-17 -1.324659059e-05 -2.049649598e-16 -9.193215203e-05 -2.898268813e-16 1.786294421e-05 4.566638904e-16 -2.649433724e-05   0   0   0   0   0   0   0   0   0   0   0   0   0   0   0   0   0   0   0   0   0   0   0   0   0   0   0   0   0   0   0   0   0   0   0   0   0   0   0   0   0   0   0   0
	 2.07025876e-07 -1.012373779e-17 -4.823827502e-07 -3.969704611e-16 5.827840027e-07 -1.447003324e-16 3.39755663e-07 -3.692386024e-17 -1.858672996e-06 -4.105094357e-16 -1.495356524e-06 -1.548460931e-17 1.866611897e-06 -5.159989189e-16 -3.162495171e-07 -2.597070779e-16 6.926282267e-07 8.770602652e-18 -2.374405347e-06 1.096365566e-15 -1.028011273e-06 4.744570351e-16 -5.344135201e-07 -2.309011814e-16 1.95754517e-07 -4.231234503e-16 1.294598119e-07   1 5.653310775e-07 -2.529240381e-18 7.107036222e-07 1.614105984e-17 2.805340374e-07 -2.459571921e-17 4.276784823e-07 1.93021868e-17 4.325462433e-08 -1.803756661e-18 -1.473957942e-07 2.153708323e-17 3.937286894e-07 1.009924795e-16 8.711781977e-08 5.472510466e-17   0   0   0   0   0   0   0   0   0   0   0   0   0   0   0   0   0   0   0   0   0   0   0   0   0   0   0   0   0   0   0   0   0   0   0   0   0   0   0   0   0   0   0   0
	 -1.910245643e-16 -7.053538942e-08 -1.679219525e-16 2.902665294e-09 -6.795597105e-17 2.888203603e-08 1.710451747e-16 5.134433301e-09 -4.717677055e-17 2.690512044e-08 -6.536172883e-16 7.377512318e-09 -2.022817381e-16 1.502108012e-08 2.009484023e-16 1.630167054e-08 9.83016146e-17 2.180479241e-08 3.723043322e-17 2.943379365e-08 2.189900453e-16 3.112672408e-08 -1.469795922e-16 4.24605067e-08 -3.466511983e-16 2.660613884e-08 -6.82700019e-17 5.653310775e-07   1 2.821230829e-07 -2.538384101e-16 -2.322370972e-06 -4.897340684e-17 1.595615842e-06 -3.284332136e-16 3.156545601e-06 -1.045733509e-16 2.928140028e-05 -1.026000884e-16 4.728654637e-06 7.381495089e-18 6.534784816e-05 1.066366835e-16 2.764362919e-05   0   0   0   0   0   0   0   0   0   0   0   0   0   0   0   0   0   0   0   0   0   0   0   0   0   0   0   0   0   0   0   0   0   0   0   0   0   0   0   0   0   0   0   0
	 2.061570058e-07 -5.066315286e-16 -2.992792615e-07 -1.401949642e-16 2.143568172e-07 -8.1548097e-18 2.626249545e-07 9.267387476e-17 -8.002650135e-07 1.278829168e-16 -6.76116713e-07 -1.18143732e-16 8.224432108e-07 -6.528709729e-16 -7.319244528e-08 1.952444825e-16 4.417638691e-07 2.042191142e-17 -1.18319719e-06 9.542080261e-17 -3.930088195e-07 -2.92078136e-17 -1.893734857e-07 8.782291707e-17 9.928835341e-08 9.227981915e-17 5.698719824e-08 -2.529240381e-18 2.821230829e-07   1 3.311525906e-07 3.48122071e-17 1.509222336e-07 1.95462514e-17 1.864881246e-07 1.109998561e-16 2.522587752e-08 1.764284926e-17 -6.416372115e-08 -6.094719693e-18 1.920299031e-07 3.652124165e-17 4.736467622e-08 5.066696981e-17   0   0   0   0   0   0   0   0   0   0   0   0   0   0   0   0   0   0   0   0   0   0   0   0   0   0   0   0   0   0   0   0   0   0   0   0   0   0   0   0   0   0   0   0
	 -5.91663631e-17 -2.344458803e-07 1.362981891e-16 -4.69343113e-09 -1.944453069e-16 4.326338171e-08 1.227134747e-16 4.792233856e-08 -1.670365913e-16 4.301465063e-08 2.524691814e-16 3.031410937e-08 9.958905174e-17 6.580134753e-10 -2.345074242e-16 2.172878265e-08 -5.053440386e-16 2.723691245e-08 -4.299335158e-16 1.442360901e-08 9.327606225e-18 2.076060966e-08 -8.916228792e-17 4.705944969e-08 6.277932919e-16 4.860888214e-08 -3.24554517e-16 7.107036222e-07 -2.538384101e-16 3.311525906e-07   1 -2.100507221e-06 -1.243689741e-16 -5.322068241e-06 -9.914268655e-16 3.571800257e-06 1.24336231e-17 1.295132984e-05 -1.273084101e-16 -5.822435799e-05 -5.525375909e-17 5.912175142e-05 -3.82152149e-17 1.209265331e-07   0   0   0   0   0   0   0   0   0   0   0   0   0   0   0   0   0   0   0   0   0   0   0   0   0   0   0   0   0   0   0   0   0   0   0   0   0   0   0   0   0   0   0   0
	 -2.596715685e-07 -4.779425757e-17 3.032569621e-07 3.794029977e-17 -3.768562135e-06 -7.001574342e-17 -2.179437198e-06 5.180453505e-17 5.831449293e-06 1.321100347e-16 4.472835316e-06 1.453644063e-16 -3.515849098e-06 3.611850131e-16 6.145894965e-07 5.351621923e-16 -2.718086488e-06 -1.046372834e-15 6.922032882e-06 -4.930409379e-17 2.254648172e-06 7.777964741e-16 4.930375449e-07 -4.283276208e-17 -1.378099136e-06 -9.14537238e-17 2.034042592e-07 1.614105984e-17 -2.322370972e-06 3.48122071e-17 -2.100507221e-06   1 -8.850218154e-07 2.086487789e-16 -1.304547867e-06 3.753812853e-16 -1.545380557e-07 -4.767524944e-18 3.548227475e-07 1.322658888e-16 -1.170404356e-06 1.359666816e-16 8.952644485e-08 -1.352474448e-16   0   0   0   0   0   0   0   0   0   0   0   0   0   0   0   0   0   0   0   0   0   0   0   0   0   0   0   0   0   0   0   0   0   0   0   0   0   0   0   0   0   0   0   0
	 4.064206852e-17 -1.63734101e-07 2.237985455e-17 -3.796999731e-08 -2.157133513e-17 2.40530413e-08 -9.194479115e-17 2.141561772e-08 -1.639188218e-16 2.063319419e-08 1.494884773e-17 7.579147619e-09 1.19596817e-17 -1.860756096e-09 9.362584467e-17 1.96767527e-08 5.790576631e-17 3.87748559e-09 -1.954009718e-17 5.322299623e-09 1.240631952e-17 8.684159736e-09 -1.439568493e-16 5.677847256e-09 -6.748377665e-17 2.121932491e-08 -8.535572185e-17 2.805340374e-07 -4.897340684e-17 1.509222336e-07 -1.243689741e-16 -8.850218154e-07   1 -8.927856942e-06 -2.480772891e-17 2.564271048e-06 -3.016812397e-17 5.389269163e-06 4.214297153e-16 -2.941806743e-05 2.492370624e-17 1.123885434e-05 9.588827215e-17 1.924177037e-07   0   0   0   0   0   0   0   0   0   0   0   0   0   0   0   0   0   0   0   0   0   0   0   0   0   0   0   0   0   0   0   0   0   0   0   0   0   0   0   0   0   0   0   0
	 2.63965892e-05 4.872530559e-17 -1.030235826e-05 9.89810409e-17 2.542841233e-05 -1.748074833e-17 1.306244638e-06 4.114070789e-17 -2.205386411e-05 -5.279281075e-17 -1.323828673e-06 3.170544907e-17 1.116764984e-05 -7.26957292e-17 -1.611075198e-05 -1.862794858e-17 -3.49379437e-05 -5.286845972e-17 4.397253323e-05 -9.263364069e-18 -1.931591973e-05 -1.483422035e-16 -2.690023132e-05 -8.360331656e-17 1.405699882e-05 6.380805071e-19 -2.26941364e-06 -2.459571921e-17 1.595615842e-06 1.95462514e-17 -5.322068241e-06 2.086487789e-16 -8.927856942e-06   1 6.495013566e-07 -1.16814102e-16 -2.642020687e-06 5.895203067e-17 -9.333424093e-06 -8.57832882e-17 -1.372450509e-05 -1.483751485e-16 -2.59429896e-06 -1.223119811e-16   0   0   0   0   0   0   0   0   0   0   0   0   0   0   0   0   0   0   0   0   0   0   0   0   0   0   0   0   0   0   0   0   0   0   0   0   0   0   0   0   0   0   0   0
	 -2.466094074e-17 -9.515660875e-09 5.962391971e-17 5.668274667e-08 -1.681258756e-16 -1.200685356e-08 -3.148446876e-16 -5.438240931e-09 1.434136894e-16 1.552566603e-08 1.566066114e-16 1.771594709e-08 1.297230959e-17 1.957333545e-08 -2.548214977e-16 7.208586594e-09 1.460864172e-15 1.236906108e-08 3.354695163e-17 -8.816617567e-09 -6.277359518e-18 -8.061337803e-09 7.214010205e-17 4.840966661e-08 2.008052538e-16 2.378770571e-08 -1.716803435e-17 4.276784823e-07 -3.284332136e-16 1.864881246e-07 -9.914268655e-16 -1.304547867e-06 -2.480772891e-17 6.495013566e-07   1 1.652033459e-06 2.468505471e-16 5.665152606e-06 -5.141172352e-18 3.769445453e-05 -2.182420623e-16 8.422083659e-05 8.385099959e-16 6.421578218e-07   0   0   0   0   0   0   0   0   0   0   0   0   0   0   0   0   0   0   0   0   0   0   0   0   0   0   0   0   0   0   0   0   0   0   0   0   0   0   0   0   0   0   0   0
	 -5.67242816e-06 2.289657111e-17 3.42033171e-06 -7.574168614e-17 3.058633971e-06 1.515680756e-17 2.907024186e-06 -4.124110247e-16 -3.956093212e-06 -4.307890985e-16 -5.28246888e-06 1.746412531e-17 3.870057251e-07 3.801992087e-17 1.696939529e-06 2.080312918e-17 9.261460413e-06 -1.226577823e-16 -1.505491727e-05 1.196925317e-16 7.61537651e-07 -5.390805668e-16 4.81644384e-06 7.559193072e-16 -7.45018331e-08 1.782008031e-16 -4.24604506e-07 1.93021868e-17 3.156545601e-06 1.109998561e-16 3.571800257e-06 3.753812853e-16 2.564271048e-06 -1.16814102e-16 1.652033459e-06   1 6.834587779e-07 -2.990714518e-16 1.234881412e-06 -3.229313111e-18 3.659023008e-06 1.468433258e-16 4.895696655e-09 -7.8854024e-16   0   0   0   0   0   0   0   0   0   0   0   0   0   0   0   0   0   0   0   0   0   0   0   0   0   0   0   0   0   0   0   0   0   0   0   0   0   0   0   0   0   0   0   0
	 2.62930078e-17 -4.158577326e-08 1.675081769e-17 -1.834255491e-08 1.784730184e-17 2.499907668e-08 3.782870318e-17 2.317481554e-08 2.587638008e-17 -9.966879711e-10 -5.042623709e-17 -2.893357053e-09 -9.051182316e-18 -4.276371521e-09 1.27127734e-17 7.264788446e-09 -2.020650035e-18 -5.667455732e-09 -3.784252041e-17 -7.855652557e-12 3.999581713e-17 7.068707905e-09 -2.73398942e-17 5.936389509e-09 2.794008321e-17 6.934135299e-10 3.342323188e-17 4.325462433e-08 -1.045733509e-16 2.522587752e-08 1.24336231e-17 -1.545380557e-07 -3.016812397e-17 -2.642020687e-06 2.468505471e-16 6.834587779e-07   1 2.118435606e-06 -8.789616557e-17 -2.563561395e-05 2.275122555e-17 -5.37011681e-06 3.024045794e-16 -9.842710464e-08   0   0   0   0   0   0   0   0   0   0   0   0   0   0   0   0   0   0   0   0   0   0   0   0   0   0   0   0   0   0   0   0   0   0   0   0   0   0   0   0   0   0   0   0
	 5.411908768e-06 -2.958204335e-17 -1.472153884e-06 1.483112339e-17 1.558042568e-05 -3.217327595e-17 -1.468903813e-05 7.392268289e-17 -3.428747756e-05 7.773284884e-17 -5.628940085e-05 -1.863924588e-16 -1.665472952e-05 1.386686108e-16 -6.042050898e-06 4.752363054e-17 3.758696819e-06 8.195080822e-17 -2.770604982e-05 5.656909538e-17 -6.414651618e-06 5.644775791e-17 9.748270844e-06 -9.31969176e-17 2.096931691e-05 9.442048317e-17 -1.324659059e-05 -1.803756661e-18 2.928140028e-05 1.764284926e-17 1.295132984e-05 -4.767524944e-18 5.389269163e-06 5.895203067e-17 5.665152606e-06 -2.990714518e-16 2.118435606e-06   1 1.418095415e-06 1.713595563e-16 6.978946841e-06 1.535596883e-16 -2.06746688e-06 6.773171908e-17   0   0   0   0   0   0   0   0   0   0   0   0   0   0   0   0   0   0   0   0   0   0   0   0   0   0   0   0   0   0   0   0   0   0   0   0   0   0   0   0   0   0   0   0
	 -1.07697096e-18 -2.545150619e-08 6.428185976e-19 -2.027982757e-09 -1.98766869e-18 1.601375551e-08 5.29400886e-18 -4.200091633e-09 -1.04608569e-17 9.736885282e-09 2.801015534e-18 -2.120459924e-08 -2.497873692e-18 -3.983125927e-09 7.07932932e-18 2.710076386e-08 -8.890471049e-18 -1.843429072e-09 3.471007345e-17 2.596707301e-08 7.752799922e-19 1.236410347e-08 -6.955728684e-19 3.513499224e-09 9.167146421e-18 -1.630110573e-09 -2.049649598e-16 -1.473957942e-07 -1.026000884e-16 -6.416372115e-08 -1.273084101e-16 3.548227475e-07 4.214297153e-16 -9.333424093e-06 -5.141172352e-18 1.234881412e-06 -8.789616557e-17 1.418095415e-06   1 -3.437740981e-05 8.9146234e-17 2.113280314e-05 2.506228878e-17 1.043583683e-06   0   0   0   0   0   0   0   0   0   0   0   0   0   0   0   0   0   0   0   0   0   0   0   0   0   0   0   0   0   0   0   0   0   0   0   0   0   0   0   0   0   0   0   0
	 0.0001282987917 2.281800881e-18 -4.251615992e-05 -2.067289787e-17 -5.240845883e-05 -3.535303764e-18 -5.771148836e-05 -3.815629317e-17 1.528368322e-05 -1.963231789e-17 -9.996600377e-05 -1.327025343e-17 -2.054665027e-05 2.467258745e-17 3.892290682e-05 -1.392945682e-18 -7.039027305e-05 1.711361249e-17 0.0001265557382 2.2199463e-17 -0.0001119618372 8.901681001e-18 0.0001025206133 -2.110446116e-17 4.016038001e-05 -1.638513768e-17 -9.193215203e-05 2.153708323e-17 4.728654637e-06 -6.094719693e-18 -5.822435799e-05 1.322658888e-16 -2.941806743e-05 -8.57832882e-17 3.769445453e-05 -3.229313111e-18 -2.563561395e-05 1.713595563e-16 -3.437740981e-05   1 -5.633628685e-05 -1.56833603e-16 3.869036182e-05 4.231903659e-17   0   0   0   0   0   0   0   0   0   0   0   0   0   0   0   0   0   0   0   0   0   0   0   0   0   0   0   0   0   0   0   0   0   0   0   0   0   0   0   0   0   0   0   0
	 -2.067349344e-18 -2.380579741e-07 -1.832411786e-16 -9.133899732e-08 3.651876673e-17 5.396383604e-09 6.278885831e-17 7.780312571e-09 -2.552409908e-16 -2.175055037e-09 -2.268883628e-18 2.087991883e-08 2.221735657e-17 1.465417899e-08 6.676509567e-17 -4.672546925e-08 2.859911455e-17 2.500585903e-08 6.026431897e-16 -5.671927662e-08 -4.097495413e-18 1.436930722e-09 8.912448907e-17 3.483585591e-08 5.151208369e-17 -5.848550289e-09 -2.898268813e-16 3.937286894e-07 7.381495089e-18 1.920299031e-07 -5.525375909e-17 -1.170404356e-06 2.492370624e-17 -1.372450509e-05 -2.182420623e-16 3.659023008e-06 2.275122555e-17 6.978946841e-06 8.9146234e-17 -5.633628685e-05   1 8.321184389e-06 7.917640474e-19 -9.36335843e-07   0   0   0   0   0   0   0   0   0   0   0   0   0   0   0   0   0   0   0   0   0   0   0   0   0   0   0   0   0   0   0   0   0   0   0   0   0   0   0   0   0   0   0   0
	 -1.426030925e-05 -1.019676261e-16 5.16387921e-05 1.968525745e-17 0.000109120584 -9.990330096e-18 5.429837195e-05 -1.128558641e-16 -3.735643443e-05 -2.940570168e-17 -5.067617999e-05 -6.507918246e-17 -8.552137053e-05 -1.573974887e-16 -7.714329424e-05 -6.819525786e-17 6.372597682e-05 -3.525036798e-17 -0.0001271074847 -3.26668844e-18 4.907259913e-05 -2.194418844e-17 -1.85740159e-05 8.986172537e-18 1.89930849e-05 1.296258194e-17 1.786294421e-05 1.009924795e-16 6.534784816e-05 3.652124165e-17 5.912175142e-05 1.359666816e-16 1.123885434e-05 -1.483751485e-16 8.422083659e-05 1.468433258e-16 -5.37011681e-06 1.535596883e-16 2.113280314e-05 -1.56833603e-16 8.321184389e-06   1 3.094974473e-05 2.745096139e-17   0   0   0   0   0   0   0   0   0   0   0   0   0   0   0   0   0   0   0   0   0   0   0   0   0   0   0   0   0   0   0   0   0   0   0   0   0   0   0   0   0   0   0   0
	 5.929826201e-18 5.655513917e-08 2.529488138e-16 4.866310457e-08 -1.648889392e-16 -3.217659704e-08 -1.270625654e-16 -6.458609608e-08 6.703111695e-17 -1.489959839e-08 -8.743891336e-17 -1.0736814e-09 1.203813813e-17 4.445045471e-09 7.779648219e-17 -2.018638286e-09 1.078453466e-16 -5.320849945e-09 1.638039959e-17 -1.162847217e-08 1.316731973e-16 -2.235969778e-08 7.2424811e-17 7.189870722e-09 -6.259557598e-17 -2.786085014e-08 4.566638904e-16 8.711781977e-08 1.066366835e-16 4.736467622e-08 -3.82152149e-17 8.952644485e-08 9.588827215e-17 -2.59429896e-06 8.385099959e-16 4.895696655e-09 3.024045794e-16 -2.06746688e-06 2.506228878e-17 3.869036182e-05 7.917640474e-19 3.094974473e-05   1 2.087213431e-06   0   0   0   0   0   0   0   0   0   0   0   0   0   0   0   0   0   0   0   0   0   0   0   0   0   0   0   0   0   0   0   0   0   0   0   0   0   0   0   0   0   0   0   0
	 2.374231247e-05 1.695209389e-17 -1.628450607e-05 -9.113905106e-17 -2.024441454e-05 -3.899739689e-18 -3.701673178e-05 -8.72528639e-17 -9.427995994e-06 -4.485886489e-18 -7.164312683e-05 -5.692654329e-17 -3.579068883e-05 -1.447333667e-16 -4.606365925e-06 -8.080355504e-17 -1.568536806e-05 -1.052853483e-16 1.184523261e-05 -1.765216662e-18 -1.437330897e-05 -2.988433882e-16 2.728478766e-05 1.396554042e-16 3.163282018e-05 1.722716784e-17 -2.649433724e-05 5.472510466e-17 2.764362919e-05 5.066696981e-17 1.209265331e-07 -1.352474448e-16 1.924177037e-07 -1.223119811e-16 6.421578218e-07 -7.8854024e-16 -9.842710464e-08 6.773171908e-17 1.043583683e-06 4.231903659e-17 -9.36335843e-07 2.745096139e-17 2.087213431e-06   1   0   0   0   0   0   0   0   0   0   0   0   0   0   0   0   0   0   0   0   0   0   0   0   0   0   0   0   0   0   0   0   0   0   0   0   0   0   0   0   0   0   0   0   0
	   0   0   0   0   0   0   0   0   0   0   0   0   0   0   0   0   0   0   0   0   0   0   0   0   0   0   0   0   0   0   0   0   0   0   0   0   0   0   0   0   0   0   0   0   0   0   0   0   0   0   0   0   0   0   0   0   0   0   0   0   0   0   0   0   0   0   0   0   0   0   0   0   0   0   0   0   0   0   0   0   0   0   0   0   0   0   0   0
	   0   0   0   0   0   0   0   0   0   0   0   0   0   0   0   0   0   0   0   0   0   0   0   0   0   0   0   0   0   0   0   0   0   0   0   0   0   0   0   0   0   0   0   0   0   0   0   0   0   0   0   0   0   0   0   0   0   0   0   0   0   0   0   0   0   0   0   0   0   0   0   0   0   0   0   0   0   0   0   0   0   0   0   0   0   0   0   0
