30	
	  5 5	
	 -4.361156348e-06 1.039068238e-05 -3.339884544e-06 4.774890559e-06 6.776892454e-06
	 1.039068238e-05 -7.245602644e-05 7.14871281e-05 -3.728123521e-05 -2.808921322e-05
	 -3.339884544e-06 7.14871281e-05 -0.0001577207329 0.0001311534164 4.841034449e-05
	 4.774890559e-06 -3.728123521e-05 0.0001311534164 -0.0002245850173 -0.0001305504947
	 6.776892454e-06 -2.808921322e-05 4.841034449e-05 -0.0001305504947 -0.0002360517131
		  5 5	
	 -1.731971139e-06 9.123546281e-06 -1.349553647e-05 1.177811892e-05 -1.237570516e-06
	 9.123546281e-06 -7.41254275e-05 4.54780159e-05 1.605392259e-05 2.347873105e-05
	 -1.349553647e-05 4.54780159e-05 -2.848971913e-05 -2.522903719e-05 -4.648724432e-05
	 1.177811892e-05 1.605392259e-05 -2.522903719e-05 -5.374860933e-05 6.971576341e-06
	 -1.237570516e-06 2.347873105e-05 -4.648724432e-05 6.971576341e-06 -0.0001518928425
		  5 5	
	 -2.258995551e-06 8.273568778e-06 2.292376335e-06 -1.913529283e-05 -2.310129887e-05
	 8.273568778e-06 -5.711496151e-06 -5.311146241e-05 6.965730299e-05 5.632988647e-05
	 2.292376335e-06 -5.311146241e-05 3.790088752e-05 2.012284313e-05 2.004625226e-05
	 -1.913529283e-05 6.965730299e-05 2.012284313e-05 -0.0001247813371 -0.0001127127841
	 -2.310129887e-05 5.632988647e-05 2.004625226e-05 -0.0001127127841 -0.0001815455084
		  5 5	
	 -1.266160763e-06 1.322161389e-06 6.293881562e-06 -8.389197991e-06 7.487800761e-07
	 1.322161389e-06 -4.453629251e-06 -2.299582028e-06 -5.945495788e-06 -1.562200524e-05
	 6.293881562e-06 -2.299582028e-06 -8.040570919e-05 8.666746966e-05 1.210460486e-05
	 -8.389197991e-06 -5.945495788e-06 8.666746966e-05 -0.000125369578 -2.975142691e-05
	 7.487800761e-07 -1.562200524e-05 1.210460486e-05 -2.975142691e-05 -2.815579423e-05
		  5 5	
	 9.248835015e-07 -1.289454019e-06 -5.105043316e-06 9.175163703e-06 7.769412933e-06
	 -1.289454019e-06 -7.083941776e-06 1.482874103e-05 -1.301837749e-05 -2.624397872e-05
	 -5.105043316e-06 1.482874103e-05 2.700732312e-05 -2.943413213e-05 1.627825104e-05
	 9.175163703e-06 -1.301837749e-05 -2.943413213e-05 5.759792911e-05 -3.040634119e-07
	 7.769412933e-06 -2.624397872e-05 1.627825104e-05 -3.040634119e-07 5.724445951e-05
	
	  5 5	
	 4.834854345e-07 7.0974692e-07 -4.932723067e-06 3.639934561e-06 -9.47622705e-07
	 7.0974692e-07 -2.781180969e-07 -5.358555126e-06 8.138070085e-06 3.153232315e-06
	 -4.932723067e-06 -5.358555126e-06 5.965005553e-05 -4.512506108e-05 2.602965224e-06
	 3.639934561e-06 8.138070085e-06 -4.512506108e-05 6.304484427e-05 -7.559942431e-07
	 -9.47622705e-07 3.153232315e-06 2.602965224e-06 -7.559942431e-07 3.956856214e-05
		  5 5	
	 4.430693221e-07 -4.452667292e-08 -3.335119826e-06 5.034367106e-06 3.899029384e-06
	 -4.452667292e-08 -5.068159424e-06 4.350689727e-06 -6.468159171e-06 -1.541852699e-05
	 -3.335119826e-06 4.350689727e-06 1.980098238e-05 -1.076470219e-05 1.764863339e-05
	 5.034367106e-06 -6.468159171e-06 -1.076470219e-05 2.788347533e-05 -1.447259816e-05
	 3.899029384e-06 -1.541852699e-05 1.764863339e-05 -1.447259816e-05 3.226726867e-05
		  5 5	
	 4.883847677e-07 6.953753085e-07 -4.012136696e-06 3.620366933e-06 8.084098004e-07
	 6.953753085e-07 4.817639815e-07 -7.204528979e-06 4.953494284e-06 -5.05109129e-07
	 -4.012136696e-06 -7.204528979e-06 4.561403312e-05 -3.072939898e-05 5.367089851e-06
	 3.620366933e-06 4.953494284e-06 -3.072939898e-05 4.906475224e-05 1.788938925e-06
	 8.084098004e-07 -5.05109129e-07 5.367089851e-06 1.788938925e-06 4.285867842e-05
		  5 5	
	 -3.710645452e-07 1.167446275e-08 2.655610904e-06 -4.054950593e-06 -3.204931425e-06
	 1.167446275e-08 3.367953427e-06 -2.471975485e-06 5.612719853e-06 1.364206045e-05
	 2.655610904e-06 -2.471975485e-06 -1.305022149e-05 4.285869843e-06 -1.445706417e-05
	 -4.054950593e-06 5.612719853e-06 4.285869843e-06 -1.502088919e-05 9.446698667e-06
	 -3.204931425e-06 1.364206045e-05 -1.445706417e-05 9.446698667e-06 -1.778182908e-05
		  5 5	
	 -2.722540213e-07 -5.800237717e-07 2.63996426e-06 -1.895002128e-06 1.82668001e-07
	 -5.800237717e-07 -4.210456406e-07 5.412546491e-06 -3.582961195e-06 5.645180808e-07
	 2.63996426e-06 5.412546491e-06 -3.023451624e-05 1.798641599e-05 -7.084970307e-06
	 -1.895002128e-06 -3.582961195e-06 1.798641599e-05 -2.645949039e-05 6.81769408e-06
	 1.82668001e-07 5.645180808e-07 -7.084970307e-06 6.81769408e-06 -2.523207979e-05
	
	  5 5	
	 -2.304227469e-07 -4.682970782e-07 2.550378579e-06 -2.357286472e-06 -8.871674344e-07
	 -4.682970782e-07 1.975233441e-06 1.642874375e-06 4.887662433e-07 7.566312228e-06
	 2.550378579e-06 1.642874375e-06 -2.029575033e-05 7.218069318e-06 -1.235631645e-05
	 -2.357286472e-06 4.887662433e-07 7.218069318e-06 -1.069206443e-05 1.136022038e-05
	 -8.871674344e-07 7.566312228e-06 -1.235631645e-05 1.136022038e-05 -1.146428999e-05
		  5 5	
	 3.012357125e-07 4.913485678e-07 -2.591952042e-06 2.538198619e-06 1.323043572e-06
	 4.913485678e-07 -3.70948108e-07 -4.258092783e-06 -1.110044374e-07 -6.920102465e-06
	 -2.591952042e-06 -4.258092783e-06 2.44855453e-05 -9.517211694e-06 9.742989089e-06
	 2.538198619e-06 -1.110044374e-07 -9.517211694e-06 2.002643059e-05 -7.094688546e-07
	 1.323043572e-06 -6.920102465e-06 9.742989089e-06 -7.094688546e-07 2.629892932e-05
		  5 5	
	 1.125250126e-07 1.970041823e-07 -1.21870032e-06 1.371292201e-06 8.253475599e-07
	 1.970041823e-07 -1.338918028e-06 -6.469111105e-09 -1.096658043e-06 -4.481194432e-06
	 -1.21870032e-06 -6.469111105e-09 6.561825586e-06 -1.195585202e-06 4.241686786e-06
	 1.371292201e-06 -1.096658043e-06 -1.195585202e-06 1.916699195e-06 -3.116327292e-08
	 8.253475599e-07 -4.481194432e-06 4.241686786e-06 -3.116327292e-08 3.445639518e-06
		  5 5	
	 -2.233102784e-07 -5.558467722e-07 2.355094716e-06 -1.946272205e-06 -9.329336671e-07
	 -5.558467722e-07 6.294770027e-07 3.565935578e-06 5.471567892e-07 6.366732213e-06
	 2.355094716e-06 3.565935578e-06 -2.068396394e-05 5.911368385e-06 -9.963496415e-06
	 -1.946272205e-06 5.471567892e-07 5.911368385e-06 -1.31976984e-05 4.78744117e-06
	 -9.329336671e-07 6.366732213e-06 -9.963496415e-06 4.78744117e-06 -1.84903532e-05
		  5 5	
	 -8.943580625e-08 2.025739293e-07 5.035508786e-07 -6.061353109e-07 -3.730780182e-07
	 2.025739293e-07 6.977752781e-08 -1.720121382e-07 -5.217603078e-07 2.861160334e-06
	 5.035508786e-07 -1.720121382e-07 4.006561706e-07 -8.03761191e-07 8.522617513e-07
	 -6.061353109e-07 -5.217603078e-07 -8.03761191e-07 8.1384522e-06 -1.801362683e-06
	 -3.730780182e-07 2.861160334e-06 8.522617513e-07 -1.801362683e-06 7.314980524e-06
	
	  5 5	
	 2.971311074e-07 7.090106728e-07 -3.020925705e-06 2.806748985e-06 1.476654179e-06
	 7.090106728e-07 -9.245076036e-07 -4.106321841e-06 -9.937032696e-07 -7.631196364e-06
	 -3.020925705e-06 -4.106321841e-06 2.518281799e-05 -8.299335753e-06 1.042654708e-05
	 2.806748985e-06 -9.937032696e-07 -8.299335753e-06 1.858369582e-05 -1.382983535e-06
	 1.476654179e-06 -7.631196364e-06 1.042654708e-05 -1.382983535e-06 2.608480166e-05
		  5 5	
	 2.544362064e-07 -9.214595073e-07 -2.00324193e-07 8.511287673e-07 1.392085517e-06
	 -9.214595073e-07 1.802392438e-06 6.633270983e-07 -2.821258629e-06 -8.747907352e-06
	 -2.00324193e-07 6.633270983e-07 -4.254303029e-06 5.755615795e-06 3.099540052e-06
	 8.511287673e-07 -2.821258629e-06 5.755615795e-06 -1.337574184e-05 -2.105577295e-06
	 1.392085517e-06 -8.747907352e-06 3.099540052e-06 -2.105577295e-06 -4.948532617e-06
		  5 5	
	 -5.796661449e-08 -6.901902859e-07 1.311905116e-06 3.684477167e-08 9.329801177e-07
	 -6.901902859e-07 -2.123581492e-06 8.182530419e-06 -1.062388241e-05 -7.181772497e-06
	 1.311905116e-06 8.182530419e-06 -2.190568717e-05 1.958070821e-05 1.11469984e-05
	 3.684477167e-08 -1.062388241e-05 1.958070821e-05 -1.484126427e-05 -1.614126508e-05
	 9.329801177e-07 -7.181772497e-06 1.11469984e-05 -1.614126508e-05 -1.830106877e-05
		  5 5	
	 -4.106336747e-07 7.09738018e-07 9.335073949e-07 -1.7324276e-06 -1.907032854e-06
	 7.09738018e-07 -4.375138633e-06 5.066225252e-06 -2.143755122e-06 4.651994569e-06
	 9.335073949e-07 5.066225252e-06 -9.633168808e-06 9.986961311e-06 9.053008973e-06
	 -1.7324276e-06 -2.143755122e-06 9.986961311e-06 -1.041946219e-05 -2.284475065e-05
	 -1.907032854e-06 4.651994569e-06 9.053008973e-06 -2.284475065e-05 -1.452753087e-05
		  5 5	
	 -5.870891458e-07 8.47940557e-07 1.918625159e-06 -2.339269731e-06 -2.533999956e-06
	 8.47940557e-07 -7.081280236e-06 8.108036275e-06 -1.191791041e-07 1.096436518e-05
	 1.918625159e-06 8.108036275e-06 -1.656693944e-05 9.413062748e-06 6.151186572e-06
	 -2.339269731e-06 -1.191791041e-07 9.413062748e-06 -9.248831073e-06 -1.776919998e-05
	 -2.533999956e-06 1.096436518e-05 6.151186572e-06 -1.776919998e-05 -1.454002367e-05
	
	  5 5	
	 9.080352652e-08 7.201340401e-07 -1.642667172e-06 1.604146189e-06 1.133117334e-06
	 7.201340401e-07 -1.40798509e-06 -2.234416071e-06 -1.107488404e-06 -4.480484962e-06
	 -1.642667172e-06 -2.234416071e-06 1.31112217e-05 -1.387328209e-06 8.328053386e-06
	 1.604146189e-06 -1.107488404e-06 -1.387328209e-06 8.404030642e-06 -9.447881322e-07
	 1.133117334e-06 -4.480484962e-06 8.328053386e-06 -9.447881322e-07 2.010648981e-05
		  5 5	
	 -4.630843055e-07 1.465674244e-06 7.264226728e-07 -3.461521552e-07 3.909326292e-07
	 1.465674244e-06 -6.512409966e-06 2.272191175e-06 1.781676703e-06 3.230808244e-06
	 7.264226728e-07 2.272191175e-06 -6.636447732e-06 2.032068772e-06 -3.384180051e-06
	 -3.461521552e-07 1.781676703e-06 2.032068772e-06 9.198862347e-06 1.966812077e-05
	 3.909326292e-07 3.230808244e-06 -3.384180051e-06 1.966812077e-05 2.004718932e-05
		  5 5	
	 -3.270261958e-07 9.185195629e-08 2.067999784e-06 -2.671745393e-06 -2.811020258e-06
	 9.185195629e-08 -3.334576127e-06 2.162137455e-06 6.496897156e-06 1.012398187e-05
	 2.067999784e-06 2.162137455e-06 -1.04798521e-05 8.37953041e-06 1.031477192e-05
	 -2.671745393e-06 6.496897156e-06 8.37953041e-06 -2.27096623e-05 -2.0859236e-05
	 -2.811020258e-06 1.012398187e-05 1.031477192e-05 -2.0859236e-05 -1.71815943e-05
		  5 5	
	 1.070398804e-08 -6.600047217e-07 1.059391254e-06 -1.134008814e-06 -2.937820378e-07
	 -6.600047217e-07 3.78349344e-07 2.991898799e-06 -2.286762421e-06 -3.939370986e-06
	 1.059391254e-06 2.991898799e-06 -1.105432624e-05 1.268692905e-05 9.48226695e-06
	 -1.134008814e-06 -2.286762421e-06 1.268692905e-05 -2.429136051e-05 -1.994402298e-05
	 -2.937820378e-07 -3.939370986e-06 9.48226695e-06 -1.994402298e-05 -3.072312115e-05
		  5 5	
	 -5.504783037e-08 5.424232682e-07 -4.731196286e-07 3.632424212e-08 -5.131451805e-07
	 5.424232682e-07 -1.702221668e-06 -1.707021832e-06 1.868121457e-06 -7.29570214e-07
	 -4.731196286e-07 -1.707021832e-06 6.483123231e-06 2.310412372e-06 1.137363244e-05
	 3.632424212e-08 1.868121457e-06 2.310412372e-06 -1.927224379e-07 -1.089635151e-05
	 -5.131451805e-07 -7.29570214e-07 1.137363244e-05 -1.089635151e-05 7.011149648e-06
	
	  5 5	
	 2.856898062e-07 -4.498427672e-07 -1.37065794e-06 1.541289964e-06 -1.661862768e-07
	 -4.498427672e-07 -6.779345381e-07 2.187928174e-06 -3.549531779e-06 -4.666764379e-06
	 -1.37065794e-06 2.187928174e-06 4.755802878e-06 -3.924272244e-06 4.805631333e-06
	 1.541289964e-06 -3.549531779e-06 -3.924272244e-06 9.434651352e-06 -3.24802877e-06
	 -1.661862768e-07 -4.666764379e-06 4.805631333e-06 -3.24802877e-06 -5.699895691e-06
		  5 5	
	 5.671304622e-08 -3.343748131e-07 1.720050637e-07 2.66170777e-07 7.338803795e-07
	 -3.343748131e-07 1.117084035e-06 -1.357930392e-06 1.451926664e-06 -1.339594764e-06
	 1.720050637e-07 -1.357930392e-06 1.630787215e-06 -3.025405265e-06 7.41183727e-07
	 2.66170777e-07 1.451926664e-06 -3.025405265e-06 3.384933648e-06 -7.696660951e-07
	 7.338803795e-07 -1.339594764e-06 7.41183727e-07 -7.696660951e-07 1.852845455e-05
		  5 5	
	 1.929346936e-07 6.168679517e-07 -2.06011689e-06 2.032273182e-06 2.848661916e-06
	 6.168679517e-07 2.771019209e-07 -3.05969366e-06 -1.01895884e-07 -1.791257386e-06
	 -2.06011689e-06 -3.05969366e-06 1.605486818e-05 -8.622581506e-06 -1.045643542e-05
	 2.032273182e-06 -1.01895884e-07 -8.622581506e-06 5.039956147e-06 1.688729426e-05
	 2.848661916e-06 -1.791257386e-06 -1.045643542e-05 1.688729426e-05 1.881393549e-05
		  5 5	
	 1.67715504e-06 -2.624354446e-06 -6.352060397e-06 1.012683481e-05 8.628560393e-06
	 -2.624354446e-06 1.721426099e-05 -7.013068178e-06 -1.855347247e-05 -2.13161521e-05
	 -6.352060397e-06 -7.013068178e-06 3.713388654e-05 -4.030887319e-05 -3.079182553e-05
	 1.012683481e-05 -1.855347247e-05 -4.030887319e-05 7.618986299e-05 5.174518522e-05
	 8.628560393e-06 -2.13161521e-05 -3.079182553e-05 5.174518522e-05 4.939149291e-05
		  5 5	
	 2.305991963e-07 5.536149672e-07 -2.600040361e-06 2.825398945e-06 2.141693855e-06
	 5.536149672e-07 1.211357444e-06 9.181774808e-07 -7.715709106e-06 -1.446350033e-06
	 -2.600040361e-06 9.181774808e-07 1.34666742e-05 -1.585137013e-05 -1.50548152e-05
	 2.825398945e-06 -7.715709106e-06 -1.585137013e-05 3.310711807e-05 1.508379818e-05
	 2.141693855e-06 -1.446350033e-06 -1.50548152e-05 1.508379818e-05 3.379030004e-06
	
	