50
22 22	
	 2.9769575372683142651e-07 7.8021633891113019195e-08 -6.3143994919683139396e-08 -7.0982653727505905903e-09 3.1804305211994889271e-08 -1.3444470041952511624e-08 -2.3225979657465070064e-08 5.1684279009303385758e-09 -1.5415949070367967669e-08 -8.9971022901560417783e-09 -1.5806979631583506742e-08   0   0   0   0   0   0   0   0   0   0   0
	 7.8021633891113019195e-08 6.7626407569760199593e-08 -4.9203478503910972071e-09 1.1232701654735938643e-08 -6.199293975991649997e-10 -1.1098926755647021058e-08 9.3652658936115404058e-09 7.5837316219921129354e-10 -5.1951538726070560189e-09 2.8796595442176284854e-09 3.2576274195375275938e-09   0   0   0   0   0   0   0   0   0   0   0
	 -6.3143994919683139396e-08 -4.9203478503910972071e-09 8.0570920327145632526e-08 4.0337194550436202904e-09 -3.1944764235568190741e-08 5.2463187282009719819e-09 3.4831601924504578106e-08 -4.121329478444522876e-09 2.1830412091111446295e-08 -6.6840504463551940985e-09 1.9091547518835130367e-08   0   0   0   0   0   0   0   0   0   0   0
	 -7.0982653727505905903e-09 1.1232701654735938643e-08 4.0337194550436202904e-09 3.5670080168760442417e-08 6.7827132809687213189e-09 3.2985837256339366899e-08 2.2061497674717627891e-08 1.555641941141737066e-08 1.949610466368004775e-08 2.8591375411476050647e-08 -1.0328286090223650062e-08   0   0   0   0   0   0   0   0   0   0   0
	 3.1804305211994889271e-08 -6.199293975991649997e-10 -3.1944764235568190741e-08 6.7827132809687213189e-09 1.1271282687180190023e-07 3.500683772606870283e-08 1.03651254234242701e-07 -4.5137320053752027797e-08 9.8028120024897522262e-09 -9.4400192188133634181e-08 -5.2964884334804291952e-08   0   0   0   0   0   0   0   0   0   0   0
	 -1.3444470041952511624e-08 -1.1098926755647021058e-08 5.2463187282009719819e-09 3.2985837256339366899e-08 3.500683772606870283e-08 3.77697373271250602e-07 1.6375815631882043503e-07 9.2790347537672149983e-08 -5.5547466269264584753e-08 1.5018129181780106936e-08 -1.0756719090938482986e-07   0   0   0   0   0   0   0   0   0   0   0
	 -2.3225979657465070064e-08 9.3652658936115404058e-09 3.4831601924504578106e-08 2.2061497674717627891e-08 1.03651254234242701e-07 1.6375815631882043503e-07 2.4529170085243158525e-07 -7.3419576741187685843e-08 -3.7181159906041380007e-08 -1.7192398757569648151e-07 -1.4461922754928539046e-08   0   0   0   0   0   0   0   0   0   0   0
	 5.1684279009303385758e-09 7.5837316219921129354e-10 -4.121329478444522876e-09 1.555641941141737066e-08 -4.5137320053752027797e-08 9.2790347537672149983e-08 -7.3419576741187685843e-08 5.4540461064759490448e-07 3.9204425828903356483e-08 -5.462895568281102784e-08 -5.5447413687755789328e-08   0   0   0   0   0   0   0   0   0   0   0
	 -1.5415949070367967669e-08 -5.1951538726070560189e-09 2.1830412091111446295e-08 1.949610466368004775e-08 9.8028120024897522262e-09 -5.5547466269264584753e-08 -3.7181159906041380007e-08 3.9204425828903356483e-08 5.3121144286099214933e-07 -4.4725445090403738491e-08 -8.5686603584224214137e-08   0   0   0   0   0   0   0   0   0   0   0
	 -8.9971022901560417783e-09 2.8796595442176284854e-09 -6.6840504463551940985e-09 2.8591375411476050647e-08 -9.4400192188133634181e-08 1.5018129181780106936e-08 -1.7192398757569648151e-07 -5.462895568281102784e-08 -4.4725445090403738491e-08 5.3146473403575176777e-07 -2.1214060352373533014e-07   0   0   0   0   0   0   0   0   0   0   0
	 -1.5806979631583506742e-08 3.2576274195375275938e-09 1.9091547518835130367e-08 -1.0328286090223650062e-08 -5.2964884334804291952e-08 -1.0756719090938482986e-07 -1.4461922754928539046e-08 -5.5447413687755789328e-08 -8.5686603584224214137e-08 -2.1214060352373533014e-07 2.8597326232092748264e-07   0   0   0   0   0   0   0   0   0   0   0
	   0   0   0   0   0   0   0   0   0   0   0   0   0   0   0   0   0   0   0   0   0   0
	   0   0   0   0   0   0   0   0   0   0   0   0   0   0   0   0   0   0   0   0   0   0
	   0   0   0   0   0   0   0   0   0   0   0   0   0   0   0   0   0   0   0   0   0   0
	   0   0   0   0   0   0   0   0   0   0   0   0   0   0   0   0   0   0   0   0   0   0
	   0   0   0   0   0   0   0   0   0   0   0   0   0   0   0   0   0   0   0   0   0   0
	   0   0   0   0   0   0   0   0   0   0   0   0   0   0   0   0   0   0   0   0   0   0
	   0   0   0   0   0   0   0   0   0   0   0   0   0   0   0   0   0   0   0   0   0   0
	   0   0   0   0   0   0   0   0   0   0   0   0   0   0   0   0   0   0   0   0   0   0
	   0   0   0   0   0   0   0   0   0   0   0   0   0   0   0   0   0   0   0   0   0   0
	   0   0   0   0   0   0   0   0   0   0   0   0   0   0   0   0   0   0   0   0   0   0
	   0   0   0   0   0   0   0   0   0   0   0   0   0   0   0   0   0   0   0   0   0   0
	
22 22	
	 2.8549603950173720035e-06 4.8039983541018610475e-07 -3.2016111681329493799e-07 -2.7376580540884991138e-08 1.8003284604472231262e-07 -3.7541691105090627053e-08 -1.3562151757181840665e-07 1.2092780074952688692e-08 -7.2067688053005482522e-08 -5.3687912253146333704e-08 -1.203983570946618232e-07   0   0   0   0   0   0   0   0   0   0   0
	 4.8039983541018610475e-07 2.1630595961794054012e-07 -5.7065178752372445012e-09 3.4628700432596834489e-08 -1.1197521364274342366e-08 1.332909922304696575e-08 1.3481636017995648566e-09 1.0306122291961366871e-08 1.477640219725045521e-08 1.0376797905252432422e-08 1.2369801998933520011e-08   0   0   0   0   0   0   0   0   0   0   0
	 -3.2016111681329493799e-07 -5.7065178752372445012e-09 1.1035017144622020286e-07 2.5084355775272079876e-08 -8.866553689997175768e-08 -8.8506533767129347905e-09 1.0236440595439709907e-08 -2.125759153640446822e-08 8.367300627622263497e-09 3.0472774871439743425e-08 6.3851634349449693303e-08   0   0   0   0   0   0   0   0   0   0   0
	 -2.7376580540884991138e-08 3.4628700432596834489e-08 2.5084355775272079876e-08 2.3756175280371125561e-08 8.4169748331413308204e-09 -1.3120693944930040996e-08 5.9134470364829937744e-08 -1.8282239607222155091e-08 -1.1470499427859068997e-08 -4.1494268908842132807e-08 2.2681716083461295951e-08   0   0   0   0   0   0   0   0   0   0   0
	 1.8003284604472231262e-07 -1.1197521364274342366e-08 -8.866553689997175768e-08 8.4169748331413308204e-09 3.5623482813758742428e-08 -1.999981105587562328e-08 -2.6919905961449606873e-08 -1.0984951536876804434e-07 -3.2237342130642863714e-08 -1.9766643710226385768e-08 5.2225186550126669676e-08   0   0   0   0   0   0   0   0   0   0   0
	 -3.7541691105090627053e-08 1.332909922304696575e-08 -8.8506533767129347905e-09 -1.3120693944930040996e-08 -1.999981105587562328e-08 3.0202760621220076834e-07 1.4661860810679815409e-07 -5.281018073110347741e-08 -3.132943512067714119e-07 -5.9392230167844072315e-08 6.4678736743268620202e-08   0   0   0   0   0   0   0   0   0   0   0
	 -1.3562151757181840665e-07 1.3481636017995648566e-09 1.0236440595439709907e-08 5.9134470364829937744e-08 -2.6919905961449606873e-08 1.4661860810679815409e-07 5.7809124537818366749e-08 -1.5621839964774133586e-07 -1.458165835207737073e-07 9.4928266593271670251e-08 7.9191826666106408083e-08   0   0   0   0   0   0   0   0   0   0   0
	 1.2092780074952688692e-08 1.0306122291961366871e-08 -2.125759153640446822e-08 -1.8282239607222155091e-08 -1.0984951536876804434e-07 -5.281018073110347741e-08 -1.5621839964774133586e-07 6.2645394381858128015e-07 -2.433216683696541713e-08 -2.7846908271285047103e-07 1.839272146533127653e-07   0   0   0   0   0   0   0   0   0   0   0
	 -7.2067688053005482522e-08 1.477640219725045521e-08 8.367300627622263497e-09 -1.1470499427859068997e-08 -3.2237342130642863714e-08 -3.132943512067714119e-07 -1.458165835207737073e-07 -2.433216683696541713e-08 5.6462983068857591265e-07 -1.6254319963538025434e-07 6.4110682860603191322e-08   0   0   0   0   0   0   0   0   0   0   0
	 -5.3687912253146333704e-08 1.0376797905252432422e-08 3.0472774871439743425e-08 -4.1494268908842132807e-08 -1.9766643710226385768e-08 -5.9392230167844072315e-08 9.4928266593271670251e-08 -2.7846908271285047103e-07 -1.6254319963538025434e-07 -6.3107557712060225166e-08 4.514829838816662962e-08   0   0   0   0   0   0   0   0   0   0   0
	 -1.203983570946618232e-07 1.2369801998933520011e-08 6.3851634349449693303e-08 2.2681716083461295951e-08 5.2225186550126669676e-08 6.4678736743268620202e-08 7.9191826666106408083e-08 1.839272146533127653e-07 6.4110682860603191322e-08 4.514829838816662962e-08 -1.2830924120684043143e-07   0   0   0   0   0   0   0   0   0   0   0
	   0   0   0   0   0   0   0   0   0   0   0   0   0   0   0   0   0   0   0   0   0   0
	   0   0   0   0   0   0   0   0   0   0   0   0   0   0   0   0   0   0   0   0   0   0
	   0   0   0   0   0   0   0   0   0   0   0   0   0   0   0   0   0   0   0   0   0   0
	   0   0   0   0   0   0   0   0   0   0   0   0   0   0   0   0   0   0   0   0   0   0
	   0   0   0   0   0   0   0   0   0   0   0   0   0   0   0   0   0   0   0   0   0   0
	   0   0   0   0   0   0   0   0   0   0   0   0   0   0   0   0   0   0   0   0   0   0
	   0   0   0   0   0   0   0   0   0   0   0   0   0   0   0   0   0   0   0   0   0   0
	   0   0   0   0   0   0   0   0   0   0   0   0   0   0   0   0   0   0   0   0   0   0
	   0   0   0   0   0   0   0   0   0   0   0   0   0   0   0   0   0   0   0   0   0   0
	   0   0   0   0   0   0   0   0   0   0   0   0   0   0   0   0   0   0   0   0   0   0
	   0   0   0   0   0   0   0   0   0   0   0   0   0   0   0   0   0   0   0   0   0   0
	
22 22	
	 5.292444621563174746e-07 8.1536045220399853018e-08 -1.9367009576219292317e-08 2.0704633798655075308e-08 2.4412585060507138521e-08 -1.6351647232773471402e-08 -9.975658762555032409e-09 -4.8254430535663552723e-10 -1.6050979754168710959e-08 -4.4308409280992640435e-09 -6.4849016374029366797e-09   0   0   0   0   0   0   0   0   0   0   0
	 8.1536045220399853018e-08 4.0053167043631949262e-08 -2.2653255481595351947e-08 -1.2819245899831866749e-08 1.756226494370638931e-08 1.0405942008091012532e-09 -2.1992484418232177282e-08 5.3508324277908926693e-09 -6.2627900679021973218e-09 1.1153055544367719948e-08 -3.3518059784285314016e-08   0   0   0   0   0   0   0   0   0   0   0
	 -1.9367009576219292317e-08 -2.2653255481595351947e-08 -1.7952172697710131138e-07 2.7575734769870821078e-09 6.005023001630769926e-08 -2.8165743099765909263e-08 -6.1467910987350303748e-08 -1.2256290456428742475e-09 -4.5642691645637739583e-08 1.9677057404279587519e-08 -2.379073534038901354e-08   0   0   0   0   0   0   0   0   0   0   0
	 2.0704633798655075308e-08 -1.2819245899831866749e-08 2.7575734769870821078e-09 -2.37186230819316088e-08 -1.1721326784643626336e-08 -3.6621461901511584058e-08 -5.0475499435693849995e-09 -8.908305163696400258e-09 -3.9864291050782486176e-08 -4.6017344950748351294e-08 3.0177382693034610572e-08   0   0   0   0   0   0   0   0   0   0   0
	 2.4412585060507138521e-08 1.756226494370638931e-08 6.005023001630769926e-08 -1.1721326784643626336e-08 -1.5460819027149571665e-07 -1.0889731376993604759e-08 -1.3155104970129725295e-07 4.8026806082461358875e-08 -5.4841918238401588025e-08 1.3100717343019921482e-07 8.4892339613507183574e-08   0   0   0   0   0   0   0   0   0   0   0
	 -1.6351647232773471402e-08 1.0405942008091012532e-09 -2.8165743099765909263e-08 -3.6621461901511584058e-08 -1.0889731376993604759e-08 -6.4200240840255368354e-07 -2.5886788909952092517e-07 -2.6118540716424585581e-08 4.3199974012415406628e-08 -1.2156825650941376315e-07 2.0866892263608715622e-07   0   0   0   0   0   0   0   0   0   0   0
	 -9.975658762555032409e-09 -2.1992484418232177282e-08 -6.1467910987350303748e-08 -5.0475499435693849995e-09 -1.3155104970129725295e-07 -2.5886788909952092517e-07 -3.4655137699793986546e-07 1.3632671871457383887e-07 -1.049043645044070624e-08 2.5149353899252817404e-07 5.0590985953742950092e-08   0   0   0   0   0   0   0   0   0   0   0
	 -4.8254430535663552723e-10 5.3508324277908926693e-09 -1.2256290456428742475e-09 -8.908305163696400258e-09 4.8026806082461358875e-08 -2.6118540716424585581e-08 1.3632671871457383887e-07 -8.6230786198045590293e-07 1.45465143167210976e-07 3.9106772679437804763e-08 9.1615305463340188959e-08   0   0   0   0   0   0   0   0   0   0   0
	 -1.6050979754168710959e-08 -6.2627900679021973218e-09 -4.5642691645637739583e-08 -3.9864291050782486176e-08 -5.4841918238401588025e-08 4.3199974012415406628e-08 -1.049043645044070624e-08 1.45465143167210976e-07 -1.1846327003275155471e-06 1.6988693204587462547e-07 1.197113879698442609e-07   0   0   0   0   0   0   0   0   0   0   0
	 -4.4308409280992640435e-09 1.1153055544367719948e-08 1.9677057404279587519e-08 -4.6017344950748351294e-08 1.3100717343019921482e-07 -1.2156825650941376315e-07 2.5149353899252817404e-07 3.9106772679437804763e-08 1.6988693204587462547e-07 -8.9991210440255740949e-07 3.8045094743896592067e-07   0   0   0   0   0   0   0   0   0   0   0
	 -6.4849016374029366797e-09 -3.3518059784285314016e-08 -2.379073534038901354e-08 3.0177382693034610572e-08 8.4892339613507183574e-08 2.0866892263608715622e-07 5.0590985953742950092e-08 9.1615305463340188959e-08 1.197113879698442609e-07 3.8045094743896592067e-07 -4.4844202813852695319e-07   0   0   0   0   0   0   0   0   0   0   0
	   0   0   0   0   0   0   0   0   0   0   0   0   0   0   0   0   0   0   0   0   0   0
	   0   0   0   0   0   0   0   0   0   0   0   0   0   0   0   0   0   0   0   0   0   0
	   0   0   0   0   0   0   0   0   0   0   0   0   0   0   0   0   0   0   0   0   0   0
	   0   0   0   0   0   0   0   0   0   0   0   0   0   0   0   0   0   0   0   0   0   0
	   0   0   0   0   0   0   0   0   0   0   0   0   0   0   0   0   0   0   0   0   0   0
	   0   0   0   0   0   0   0   0   0   0   0   0   0   0   0   0   0   0   0   0   0   0
	   0   0   0   0   0   0   0   0   0   0   0   0   0   0   0   0   0   0   0   0   0   0
	   0   0   0   0   0   0   0   0   0   0   0   0   0   0   0   0   0   0   0   0   0   0
	   0   0   0   0   0   0   0   0   0   0   0   0   0   0   0   0   0   0   0   0   0   0
	   0   0   0   0   0   0   0   0   0   0   0   0   0   0   0   0   0   0   0   0   0   0
	   0   0   0   0   0   0   0   0   0   0   0   0   0   0   0   0   0   0   0   0   0   0
	
22 22	
	 8.6883211398379032785e-08 8.134058116575859625e-09 1.4261911339557790687e-08 1.9061688630688548516e-08 3.9936352595491868276e-09 -9.63421799220484557e-09 4.6117115791010089414e-09 2.1719755703435236564e-09 -6.4582645750365888862e-09 1.949565947715569379e-09 5.8417356734083605706e-09   0   0   0   0   0   0   0   0   0   0   0
	 8.134058116575859625e-09 1.311326275787461541e-08 -4.3154026978548059294e-08 -1.5209898020919691295e-08 2.684010456697567949e-09 5.9845332699429023075e-09 -2.3828817642075424545e-08 2.274489098644201545e-09 -1.0018277843626802512e-08 1.8693941385845662242e-08 -1.9195995310728064816e-08   0   0   0   0   0   0   0   0   0   0   0
	 1.4261911339557790687e-08 -4.3154026978548059294e-08 -1.5776785621501065215e-07 3.9794689473588465771e-08 6.0211164733949332181e-08 -4.1124701429259734174e-08 -5.6753733306756757865e-08 2.4360206762213020634e-08 -3.6983810328791132535e-08 3.3793435297208224116e-08 -1.7385987137178779267e-08   0   0   0   0   0   0   0   0   0   0   0
	 1.9061688630688548516e-08 -1.5209898020919691295e-08 3.9794689473588465771e-08 -3.9393241663591456795e-09 1.9245915264555565741e-08 -5.3215937261071735287e-08 2.8241370738066278003e-08 -5.0029923299316883505e-08 -4.6705849746535382843e-08 -7.2312365040863615432e-08 3.9639136948435945325e-08   0   0   0   0   0   0   0   0   0   0   0
	 3.9936352595491868276e-09 2.684010456697567949e-09 6.0211164733949332181e-08 1.9245915264555565741e-08 -1.3863933764761524571e-07 -9.1881828584954481418e-08 -1.6103232701961853107e-07 -4.1622640306658523718e-08 -3.3343657426323028472e-08 2.0113587860415439182e-07 6.1905740511281986112e-08   0   0   0   0   0   0   0   0   0   0   0
	 -9.63421799220484557e-09 5.9845332699429023075e-09 -4.1124701429259734174e-08 -5.3215937261071735287e-08 -9.1881828584954481418e-08 -4.7178242492435536736e-07 -2.3201207715380232482e-07 -1.972844552268579931e-07 -1.8013482066714689285e-07 2.8589903458644176109e-08 2.3162119722767068366e-07   0   0   0   0   0   0   0   0   0   0   0
	 4.6117115791010089414e-09 -2.3828817642075424545e-08 -5.6753733306756757865e-08 2.8241370738066278003e-08 -1.6103232701961853107e-07 -2.3201207715380232482e-07 -3.8353544259173365827e-07 2.118798669171010006e-08 -4.2555242330885219126e-08 4.6101714446599077968e-07 -2.6445564546649755594e-09   0   0   0   0   0   0   0   0   0   0   0
	 2.1719755703435236564e-09 2.274489098644201545e-09 2.4360206762213020634e-08 -5.0029923299316883505e-08 -4.1622640306658523718e-08 -1.972844552268579931e-07 2.118798669171010006e-08 -6.4202454751649269079e-07 -6.4709252167279969181e-08 -5.9088453330126096591e-08 2.614226708415831026e-07   0   0   0   0   0   0   0   0   0   0   0
	 -6.4582645750365888862e-09 -1.0018277843626802512e-08 -3.6983810328791132535e-08 -4.6705849746535382843e-08 -3.3343657426323028472e-08 -1.8013482066714689285e-07 -4.2555242330885219126e-08 -6.4709252167279969181e-08 -7.6558003833678425298e-07 2.1275011532040567015e-09 2.2970424622385772763e-07   0   0   0   0   0   0   0   0   0   0   0
	 1.949565947715569379e-09 1.8693941385845662242e-08 3.3793435297208224116e-08 -7.2312365040863615432e-08 2.0113587860415439182e-07 2.8589903458644176109e-08 4.6101714446599077968e-07 -5.9088453330126096591e-08 2.1275011532040567015e-09 -1.0537052086198153116e-06 3.710914624042412653e-07   0   0   0   0   0   0   0   0   0   0   0
	 5.8417356734083605706e-09 -1.9195995310728064816e-08 -1.7385987137178779267e-08 3.9639136948435945325e-08 6.1905740511281986112e-08 2.3162119722767068366e-07 -2.6445564546649755594e-09 2.614226708415831026e-07 2.2970424622385772763e-07 3.710914624042412653e-07 -4.6490768308444226091e-07   0   0   0   0   0   0   0   0   0   0   0
	   0   0   0   0   0   0   0   0   0   0   0   0   0   0   0   0   0   0   0   0   0   0
	   0   0   0   0   0   0   0   0   0   0   0   0   0   0   0   0   0   0   0   0   0   0
	   0   0   0   0   0   0   0   0   0   0   0   0   0   0   0   0   0   0   0   0   0   0
	   0   0   0   0   0   0   0   0   0   0   0   0   0   0   0   0   0   0   0   0   0   0
	   0   0   0   0   0   0   0   0   0   0   0   0   0   0   0   0   0   0   0   0   0   0
	   0   0   0   0   0   0   0   0   0   0   0   0   0   0   0   0   0   0   0   0   0   0
	   0   0   0   0   0   0   0   0   0   0   0   0   0   0   0   0   0   0   0   0   0   0
	   0   0   0   0   0   0   0   0   0   0   0   0   0   0   0   0   0   0   0   0   0   0
	   0   0   0   0   0   0   0   0   0   0   0   0   0   0   0   0   0   0   0   0   0   0
	   0   0   0   0   0   0   0   0   0   0   0   0   0   0   0   0   0   0   0   0   0   0
	   0   0   0   0   0   0   0   0   0   0   0   0   0   0   0   0   0   0   0   0   0   0
	
22 22	
	 -2.5080599381249396495e-08 -1.0110153442577146856e-08 1.4799748618843334275e-08 5.3642150056666528669e-09 -3.2510426393915604226e-09 -2.8968672997567891652e-09 3.905316937771957101e-09 4.2350448408645155544e-10 -2.4345609252099394758e-09 2.0687539858788704925e-09 4.6771567699428297135e-09   0   0   0   0   0   0   0   0   0   0   0
	 -1.0110153442577146856e-08 -9.1393204944786831351e-09 -3.384502986868698949e-08 1.2747075901224765933e-08 1.4742752226164719182e-08 9.2451523081874005925e-09 -1.966262289740776958e-10 5.3979557537208318238e-09 2.5837456178691887655e-09 8.4784680059164773341e-09 -1.4174574438316079186e-08   0   0   0   0   0   0   0   0   0   0   0
	 1.4799748618843334275e-08 -3.384502986868698949e-08 -6.284048150291064196e-08 3.3348546615994206271e-08 5.4107391005657132814e-08 -3.5132701563537301401e-08 -1.8698994291983244152e-08 1.923478879439969479e-08 -3.1117189657536718886e-08 1.2774877047143475611e-08 -1.2774821575213630174e-08   0   0   0   0   0   0   0   0   0   0   0
	 5.3642150056666528669e-09 1.2747075901224765933e-08 3.3348546615994206271e-08 -4.030553720575463773e-08 -1.3175307488790899611e-08 -6.5757681942976957974e-08 -1.679381112388947806e-08 -5.4362839413792932548e-08 -1.1344215092283316054e-08 -1.9757959506580753781e-08 2.5802312581695659783e-08   0   0   0   0   0   0   0   0   0   0   0
	 -3.2510426393915604226e-09 1.4742752226164719182e-08 5.4107391005657132814e-08 -1.3175307488790899611e-08 -1.2081332388709344162e-07 -8.9419727157935346316e-08 -1.54894339279452259e-07 4.3619157185728578949e-08 5.2468535583787050607e-08 1.2636723546570486998e-07 3.2298418332233244988e-08   0   0   0   0   0   0   0   0   0   0   0
	 -2.8968672997567891652e-09 9.2451523081874005925e-09 -3.5132701563537301401e-08 -6.5757681942976957974e-08 -8.9419727157935346316e-08 -3.9663338871774600062e-07 -2.068857217441078141e-07 -2.4843245898459250523e-07 -1.5362783323032674154e-08 1.5300535530833127218e-07 5.7049093054120948523e-08   0   0   0   0   0   0   0   0   0   0   0
	 3.905316937771957101e-09 -1.966262289740776958e-10 -1.8698994291983244152e-08 -1.679381112388947806e-08 -1.54894339279452259e-07 -2.068857217441078141e-07 -2.9110811888027678656e-07 4.9277755445434355339e-08 9.0865808765783144341e-08 2.7725443723752442254e-07 -2.0732373419220246164e-08   0   0   0   0   0   0   0   0   0   0   0
	 4.2350448408645155544e-10 5.3979557537208318238e-09 1.923478879439969479e-08 -5.4362839413792932548e-08 4.3619157185728578949e-08 -2.4843245898459250523e-07 4.9277755445434355339e-08 -6.5339304532005895375e-07 -1.5421931122423114368e-07 6.860585671506930973e-08 8.4578223573878804094e-08   0   0   0   0   0   0   0   0   0   0   0
	 -2.4345609252099394758e-09 2.5837456178691887655e-09 -3.1117189657536718886e-08 -1.1344215092283316054e-08 5.2468535583787050607e-08 -1.5362783323032674154e-08 9.0865808765783144341e-08 -1.5421931122423114368e-07 -2.4299545650300815944e-07 -1.453556868333811259e-07 1.6871383737587068721e-07   0   0   0   0   0   0   0   0   0   0   0
	 2.0687539858788704925e-09 8.4784680059164773341e-09 1.2774877047143475611e-08 -1.9757959506580753781e-08 1.2636723546570486998e-07 1.5300535530833127218e-07 2.7725443723752442254e-07 6.860585671506930973e-08 -1.453556868333811259e-07 -5.1884592059182206615e-07 1.8747572313044797583e-07   0   0   0   0   0   0   0   0   0   0   0
	 4.6771567699428297135e-09 -1.4174574438316079186e-08 -1.2774821575213630174e-08 2.5802312581695659783e-08 3.2298418332233244988e-08 5.7049093054120948523e-08 -2.0732373419220246164e-08 8.4578223573878804094e-08 1.6871383737587068721e-07 1.8747572313044797583e-07 -2.3585356491392519928e-07   0   0   0   0   0   0   0   0   0   0   0
	   0   0   0   0   0   0   0   0   0   0   0   0   0   0   0   0   0   0   0   0   0   0
	   0   0   0   0   0   0   0   0   0   0   0   0   0   0   0   0   0   0   0   0   0   0
	   0   0   0   0   0   0   0   0   0   0   0   0   0   0   0   0   0   0   0   0   0   0
	   0   0   0   0   0   0   0   0   0   0   0   0   0   0   0   0   0   0   0   0   0   0
	   0   0   0   0   0   0   0   0   0   0   0   0   0   0   0   0   0   0   0   0   0   0
	   0   0   0   0   0   0   0   0   0   0   0   0   0   0   0   0   0   0   0   0   0   0
	   0   0   0   0   0   0   0   0   0   0   0   0   0   0   0   0   0   0   0   0   0   0
	   0   0   0   0   0   0   0   0   0   0   0   0   0   0   0   0   0   0   0   0   0   0
	   0   0   0   0   0   0   0   0   0   0   0   0   0   0   0   0   0   0   0   0   0   0
	   0   0   0   0   0   0   0   0   0   0   0   0   0   0   0   0   0   0   0   0   0   0
	   0   0   0   0   0   0   0   0   0   0   0   0   0   0   0   0   0   0   0   0   0   0
	
22 22	
	 2.9553718680394196691e-07 4.3768013060124317069e-08 -1.7020896805859960084e-08 1.9478333519603826034e-09 1.4282363292042256264e-08 -4.379220344229529946e-09 -7.4545080875598173045e-09 -6.0018581474179396115e-10 -6.6966647266604267021e-09 -4.4776317866891292445e-09 -9.0455636274461788899e-09   0   0   0   0   0   0   0   0   0   0   0
	 4.3768013060124317069e-08 1.4186651458349328316e-08 -6.6920813717113560542e-09 1.157159073032561375e-08 8.2790605953161430652e-09 2.79608454472446325e-09 -5.6259654558715488026e-09 1.072206177963398515e-09 -1.8594380816491562635e-10 8.2806085092107114853e-09 -5.8514813640013662728e-09   0   0   0   0   0   0   0   0   0   0   0
	 -1.7020896805859960084e-08 -6.6920813717113560542e-09 -3.3691233558550610228e-08 9.4864606678368563397e-09 2.3141168502923472347e-08 4.6695515303977128448e-09 -1.4330730630588948369e-08 7.7923729847629139132e-09 -8.9370908266984222966e-09 6.5360429752918018374e-09 -1.1013867113052786861e-08   0   0   0   0   0   0   0   0   0   0   0
	 1.9478333519603826034e-09 1.157159073032561375e-08 9.4864606678368563397e-09 -3.4909881941046177684e-08 -6.7163070174607220965e-09 -2.8590135040070197141e-08 -1.4963489116471176164e-08 -1.4338944426081286648e-08 -1.4914012404608594818e-08 -1.2626610226170142684e-08 4.1926541652569911989e-09   0   0   0   0   0   0   0   0   0   0   0
	 1.4282363292042256264e-08 8.2790605953161430652e-09 2.3141168502923472347e-08 -6.7163070174607220965e-09 -7.0665811300627049244e-08 -2.0588128296860368151e-08 -7.6111730158206484717e-08 3.8690032398495498852e-08 8.3771702435587081847e-09 6.1216294576189521672e-08 1.8113678017626371026e-08   0   0   0   0   0   0   0   0   0   0   0
	 -4.379220344229529946e-09 2.79608454472446325e-09 4.6695515303977128448e-09 -2.8590135040070197141e-08 -2.0588128296860368151e-08 -2.4944161502143509272e-07 -1.0778080349191460001e-07 -7.2933851490024731659e-08 3.2456925191495557641e-08 3.6944180117368790404e-08 2.92485355801250008e-08   0   0   0   0   0   0   0   0   0   0   0
	 -7.4545080875598173045e-09 -5.6259654558715488026e-09 -1.4330730630588948369e-08 -1.4963489116471176164e-08 -7.6111730158206484717e-08 -1.0778080349191460001e-07 -1.3726108772031755816e-07 5.8187075273678328104e-08 3.9967756543866725689e-08 1.0908862414996109945e-07 -9.1665214796587436173e-09   0   0   0   0   0   0   0   0   0   0   0
	 -6.0018581474179396115e-10 1.072206177963398515e-09 7.7923729847629139132e-09 -1.4338944426081286648e-08 3.8690032398495498852e-08 -7.2933851490024731659e-08 5.8187075273678328104e-08 -3.7031308109347934158e-07 -4.2163592836271714809e-09 3.6279034212342591339e-08 1.9283109149040462786e-08   0   0   0   0   0   0   0   0   0   0   0
	 -6.6966647266604267021e-09 -1.8594380816491562635e-10 -8.9370908266984222966e-09 -1.4914012404608594818e-08 8.3771702435587081847e-09 3.2456925191495557641e-08 3.9967756543866725689e-08 -4.2163592836271714809e-09 -3.4789808406054159698e-07 3.0769028137257888798e-08 3.0545190685781042664e-08   0   0   0   0   0   0   0   0   0   0   0
	 -4.4776317866891292445e-09 8.2806085092107114853e-09 6.5360429752918018374e-09 -1.2626610226170142684e-08 6.1216294576189521672e-08 3.6944180117368790404e-08 1.0908862414996109945e-07 3.6279034212342591339e-08 3.0769028137257888798e-08 -2.5674873924072575564e-07 8.7639663904798163387e-08   0   0   0   0   0   0   0   0   0   0   0
	 -9.0455636274461788899e-09 -5.8514813640013662728e-09 -1.1013867113052786861e-08 4.1926541652569911989e-09 1.8113678017626371026e-08 2.92485355801250008e-08 -9.1665214796587436173e-09 1.9283109149040462786e-08 3.0545190685781042664e-08 8.7639663904798163387e-08 -1.0673254154408352336e-07   0   0   0   0   0   0   0   0   0   0   0
	   0   0   0   0   0   0   0   0   0   0   0   0   0   0   0   0   0   0   0   0   0   0
	   0   0   0   0   0   0   0   0   0   0   0   0   0   0   0   0   0   0   0   0   0   0
	   0   0   0   0   0   0   0   0   0   0   0   0   0   0   0   0   0   0   0   0   0   0
	   0   0   0   0   0   0   0   0   0   0   0   0   0   0   0   0   0   0   0   0   0   0
	   0   0   0   0   0   0   0   0   0   0   0   0   0   0   0   0   0   0   0   0   0   0
	   0   0   0   0   0   0   0   0   0   0   0   0   0   0   0   0   0   0   0   0   0   0
	   0   0   0   0   0   0   0   0   0   0   0   0   0   0   0   0   0   0   0   0   0   0
	   0   0   0   0   0   0   0   0   0   0   0   0   0   0   0   0   0   0   0   0   0   0
	   0   0   0   0   0   0   0   0   0   0   0   0   0   0   0   0   0   0   0   0   0   0
	   0   0   0   0   0   0   0   0   0   0   0   0   0   0   0   0   0   0   0   0   0   0
	   0   0   0   0   0   0   0   0   0   0   0   0   0   0   0   0   0   0   0   0   0   0
	
22 22	
	 1.6258775125312213439e-07 2.6102233294563482139e-08 -1.5983452995449025129e-09 1.3008267355655041536e-08 7.3825323714941009307e-09 -7.8522750822794170521e-09 -1.9483559213162512563e-09 5.0349324342944578415e-10 -6.1934132262569350751e-09 2.5388106739325751721e-09 -1.3107382446911978678e-09   0   0   0   0   0   0   0   0   0   0   0
	 2.6102233294563482139e-08 1.3165704382168236231e-08 -1.2293423436003430496e-08 -1.7746312826501569153e-08 3.7380766772461222593e-09 -2.7789179863591017667e-09 -9.9362254011077961617e-09 1.3665791958370535113e-09 -5.6042710251605293285e-09 -1.5321991089483247493e-08 3.2803592526984206338e-10   0   0   0   0   0   0   0   0   0   0   0
	 -1.5983452995449025129e-09 -1.2293423436003430496e-08 -1.0353349877274204125e-07 -2.673584861054109676e-09 1.630568429867638282e-08 -2.7884470921021203412e-08 -4.1671201428724433469e-08 -1.1990168817122643019e-08 -2.5610574443514908309e-08 1.5144619869831873272e-08 -2.8456772222206050903e-10   0   0   0   0   0   0   0   0   0   0   0
	 1.3008267355655041536e-08 -1.7746312826501569153e-08 -2.673584861054109676e-09 1.5428676724288213054e-08 3.2128729831032647752e-09 -1.0446816235185251643e-09 8.4522658703963429899e-09 1.0749747934307447609e-08 -1.3736112889204121027e-08 -1.1561101940146808508e-08 -3.4603269395929371816e-09   0   0   0   0   0   0   0   0   0   0   0
	 7.3825323714941009307e-09 3.7380766772461222593e-09 1.630568429867638282e-08 3.2128729831032647752e-09 -6.297335954228234743e-08 1.0877013369923568693e-08 -3.9128951642191925711e-08 5.1856700129346711551e-09 -5.2625147026126228606e-08 5.9488198798044399669e-08 4.2586914530203742691e-08   0   0   0   0   0   0   0   0   0   0   0
	 -7.8522750822794170521e-09 -2.7789179863591017667e-09 -2.7884470921021203412e-08 -1.0446816235185251643e-09 1.0877013369923568693e-08 -2.7345192296380235574e-07 -1.0421441681068039378e-07 5.3263137912114504606e-08 1.9210146372846663132e-08 -1.4257388951771501867e-07 1.3890498564711645331e-07   0   0   0   0   0   0   0   0   0   0   0
	 -1.9483559213162512563e-09 -9.9362254011077961617e-09 -4.1671201428724433469e-08 8.4522658703963429899e-09 -3.9128951642191925711e-08 -1.0421441681068039378e-07 -1.5507508931269672704e-07 5.8574582459600380761e-08 -3.8822649958138087128e-08 1.188305201032346878e-07 4.0873693273701330086e-08   0   0   0   0   0   0   0   0   0   0   0
	 5.0349324342944578415e-10 1.3665791958370535113e-09 -1.1990168817122643019e-08 1.0749747934307447609e-08 5.1856700129346711551e-09 5.3263137912114504606e-08 5.8574582459600380761e-08 -3.4005310312873017221e-07 1.1664008151582419877e-07 1.1663087024644082357e-08 3.8482158187899195552e-08   0   0   0   0   0   0   0   0   0   0   0
	 -6.1934132262569350751e-09 -5.6042710251605293285e-09 -2.5610574443514908309e-08 -1.3736112889204121027e-08 -5.2625147026126228606e-08 1.9210146372846663132e-08 -3.8822649958138087128e-08 1.1664008151582419877e-07 -5.812976568370532228e-07 1.0157799832165306308e-07 6.2130781288891057403e-08   0   0   0   0   0   0   0   0   0   0   0
	 2.5388106739325751721e-09 -1.5321991089483247493e-08 1.5144619869831873272e-08 -1.1561101940146808508e-08 5.9488198798044399669e-08 -1.4257388951771501867e-07 1.188305201032346878e-07 1.1663087024644082357e-08 1.0157799832165306308e-07 -4.9953812759828548992e-07 2.1809383674112993455e-07   0   0   0   0   0   0   0   0   0   0   0
	 -1.3107382446911978678e-09 3.2803592526984206338e-10 -2.8456772222206050903e-10 -3.4603269395929371816e-09 4.2586914530203742691e-08 1.3890498564711645331e-07 4.0873693273701330086e-08 3.8482158187899195552e-08 6.2130781288891057403e-08 2.1809383674112993455e-07 -2.5792984053561644958e-07   0   0   0   0   0   0   0   0   0   0   0
	   0   0   0   0   0   0   0   0   0   0   0   0   0   0   0   0   0   0   0   0   0   0
	   0   0   0   0   0   0   0   0   0   0   0   0   0   0   0   0   0   0   0   0   0   0
	   0   0   0   0   0   0   0   0   0   0   0   0   0   0   0   0   0   0   0   0   0   0
	   0   0   0   0   0   0   0   0   0   0   0   0   0   0   0   0   0   0   0   0   0   0
	   0   0   0   0   0   0   0   0   0   0   0   0   0   0   0   0   0   0   0   0   0   0
	   0   0   0   0   0   0   0   0   0   0   0   0   0   0   0   0   0   0   0   0   0   0
	   0   0   0   0   0   0   0   0   0   0   0   0   0   0   0   0   0   0   0   0   0   0
	   0   0   0   0   0   0   0   0   0   0   0   0   0   0   0   0   0   0   0   0   0   0
	   0   0   0   0   0   0   0   0   0   0   0   0   0   0   0   0   0   0   0   0   0   0
	   0   0   0   0   0   0   0   0   0   0   0   0   0   0   0   0   0   0   0   0   0   0
	   0   0   0   0   0   0   0   0   0   0   0   0   0   0   0   0   0   0   0   0   0   0
	
22 22	
	 4.4106682903304424081e-07 6.5333544818646988685e-08 -2.1597940313433471115e-08 7.9104910597286841538e-09 2.1196836820425109705e-08 -8.558484080686432914e-09 -1.0555581786407420155e-08 -9.0159703692070376096e-10 -1.1112806050410187483e-08 -3.9164305494344029091e-09 -1.1915792550964595007e-08   0   0   0   0   0   0   0   0   0   0   0
	 6.5333544818646988685e-08 1.9108490421201349413e-08 -1.3979340800006293274e-08 8.8795522335722322255e-09 9.656626954536752552e-09 3.518727075206380121e-09 -8.0333672356983651499e-09 3.6779247352162748005e-09 -3.4526498445449272024e-10 -5.9091226575851587199e-10 -8.4189538046606062031e-09   0   0   0   0   0   0   0   0   0   0   0
	 -2.1597940313433471115e-08 -1.3979340800006293274e-08 -8.8387201880129989228e-08 1.1902231412534455375e-08 3.2508932305849675766e-08 -6.2643554945376630692e-09 -3.5140482153626601017e-08 3.7258720848988661689e-09 -2.3255909150069112514e-08 1.4313716175313630588e-08 -1.8110619838878630712e-08   0   0   0   0   0   0   0   0   0   0   0
	 7.9104910597286841538e-09 8.8795522335722322255e-09 1.1902231412534455375e-08 -3.3881550760063350437e-08 -7.8941311798397471962e-09 -4.0710226973324545063e-08 -1.7550990384507790271e-08 -1.6743731010828486927e-08 -2.7432354191763445812e-08 -2.3939020996352395119e-08 8.3667459150405405175e-09   0   0   0   0   0   0   0   0   0   0   0
	 2.1196836820425109705e-08 9.656626954536752552e-09 3.2508932305849675766e-08 -7.8941311798397471962e-09 -1.2375751477874096825e-07 -2.8764915880413826691e-08 -1.1691944744151345858e-07 5.1270370199087835577e-08 -1.4830316920070208667e-08 1.0663426421818540893e-07 4.5264005174674339432e-08   0   0   0   0   0   0   0   0   0   0   0
	 -8.558484080686432914e-09 3.518727075206380121e-09 -6.2643554945376630692e-09 -4.0710226973324545063e-08 -2.8764915880413826691e-08 -4.5072122108152690539e-07 -1.90244460349712978e-07 -7.9913269458098531309e-08 4.8258970773028756549e-08 -1.0387194130704715674e-08 1.0266544922721628437e-07   0   0   0   0   0   0   0   0   0   0   0
	 -1.0555581786407420155e-08 -8.0333672356983651499e-09 -3.5140482153626601017e-08 -1.7550990384507790271e-08 -1.1691944744151345858e-07 -1.90244460349712978e-07 -2.5680258388325924554e-07 9.8441317283468826635e-08 3.326763307611439651e-08 2.0401390276122176469e-07 9.192596902312900104e-09   0   0   0   0   0   0   0   0   0   0   0
	 -9.0159703692070376096e-10 3.6779247352162748005e-09 3.7258720848988661689e-09 -1.6743731010828486927e-08 5.1270370199087835577e-08 -7.9913269458098531309e-08 9.8441317283468826635e-08 -6.4004157345151572442e-07 3.7237114422975809646e-08 5.1346668085464184937e-08 5.0124843100631967769e-08   0   0   0   0   0   0   0   0   0   0   0
	 -1.1112806050410187483e-08 -3.4526498445449272024e-10 -2.3255909150069112514e-08 -2.7432354191763445812e-08 -1.4830316920070208667e-08 4.8258970773028756549e-08 3.326763307611439651e-08 3.7237114422975809646e-08 -7.0742959229371500546e-07 8.2974547799963390611e-08 7.3839041694890629796e-08   0   0   0   0   0   0   0   0   0   0   0
	 -3.9164305494344029091e-09 -5.9091226575851587199e-10 1.4313716175313630588e-08 -2.3939020996352395119e-08 1.0663426421818540893e-07 -1.0387194130704715674e-08 2.0401390276122176469e-07 5.1346668085464184937e-08 8.2974547799963390611e-08 -5.7169142021832440507e-07 2.2206963590703533395e-07   0   0   0   0   0   0   0   0   0   0   0
	 -1.1915792550964595007e-08 -8.4189538046606062031e-09 -1.8110619838878630712e-08 8.3667459150405405175e-09 4.5264005174674339432e-08 1.0266544922721628437e-07 9.192596902312900104e-09 5.0124843100631967769e-08 7.3839041694890629796e-08 2.2206963590703533395e-07 -2.6570353532568730701e-07   0   0   0   0   0   0   0   0   0   0   0
	   0   0   0   0   0   0   0   0   0   0   0   0   0   0   0   0   0   0   0   0   0   0
	   0   0   0   0   0   0   0   0   0   0   0   0   0   0   0   0   0   0   0   0   0   0
	   0   0   0   0   0   0   0   0   0   0   0   0   0   0   0   0   0   0   0   0   0   0
	   0   0   0   0   0   0   0   0   0   0   0   0   0   0   0   0   0   0   0   0   0   0
	   0   0   0   0   0   0   0   0   0   0   0   0   0   0   0   0   0   0   0   0   0   0
	   0   0   0   0   0   0   0   0   0   0   0   0   0   0   0   0   0   0   0   0   0   0
	   0   0   0   0   0   0   0   0   0   0   0   0   0   0   0   0   0   0   0   0   0   0
	   0   0   0   0   0   0   0   0   0   0   0   0   0   0   0   0   0   0   0   0   0   0
	   0   0   0   0   0   0   0   0   0   0   0   0   0   0   0   0   0   0   0   0   0   0
	   0   0   0   0   0   0   0   0   0   0   0   0   0   0   0   0   0   0   0   0   0   0
	   0   0   0   0   0   0   0   0   0   0   0   0   0   0   0   0   0   0   0   0   0   0
	
22 22	
	 1.1978090554912555878e-08 7.2110251145161691555e-10 4.7865695090877596129e-09 3.7865302883494425673e-09 9.1773880399904345273e-10 -2.7730603249748760813e-09 8.6102407332138805897e-10 -3.1489860136565263689e-10 -2.6110697915699026268e-09 1.6730009837385583094e-09 9.3732059978825397501e-10   0   0   0   0   0   0   0   0   0   0   0
	 7.2110251145161691555e-10 -1.7028200011178216039e-09 -1.4081148828291317283e-08 1.370277312355731966e-09 3.7556852902534346895e-10 7.9254815142005994644e-09 -2.7743602102145957011e-09 7.433021353348556633e-09 5.5475034272897471692e-09 3.8967208733132960456e-09 -7.1293605865441839707e-09   0   0   0   0   0   0   0   0   0   0   0
	 4.7865695090877596129e-09 -1.4081148828291317283e-08 -3.7176710601804212972e-08 1.7983520043163012236e-08 2.5265338229450462266e-08 -6.762465595338336762e-09 -5.9676677076955524282e-09 7.4560904558489980241e-09 -1.7417694983446944239e-08 6.8917081757581042213e-09 -7.9652249288810783316e-09   0   0   0   0   0   0   0   0   0   0   0
	 3.7865302883494425673e-09 1.370277312355731966e-09 1.7983520043163012236e-08 -9.7436615554466930775e-09 3.7584262914854807566e-09 -2.7216918835843623949e-08 1.2225323895821883976e-09 -3.7315461953135793203e-08 -2.705379735575487685e-08 -6.6171560318483717066e-09 1.634117389719862189e-08   0   0   0   0   0   0   0   0   0   0   0
	 9.1773880399904345273e-10 3.7556852902534346895e-10 2.5265338229450462266e-08 3.7584262914854807566e-09 -4.7133828957330363384e-08 -5.2250530420816190385e-08 -6.7043424359702536402e-08 -2.6304867021392637898e-08 3.2891525756505770905e-09 8.1866337076121386739e-08 1.2912494618911390864e-08   0   0   0   0   0   0   0   0   0   0   0
	 -2.7730603249748760813e-09 7.9254815142005994644e-09 -6.762465595338336762e-09 -2.7216918835843623949e-08 -5.2250530420816190385e-08 -1.0660470828009134292e-07 -6.9477799701654360406e-08 -1.1912779986132582605e-07 -9.4395346960774507043e-08 9.2942805460966627089e-08 3.7984531156635389027e-08   0   0   0   0   0   0   0   0   0   0   0
	 8.6102407332138805897e-10 -2.7743602102145957011e-09 -5.9676677076955524282e-09 1.2225323895821883976e-09 -6.7043424359702536402e-08 -6.9477799701654360406e-08 -1.2093415113366995969e-07 -2.214462518551443337e-08 -1.0942493308436517368e-08 1.7170258380895170427e-07 -1.9203840832460370472e-08   0   0   0   0   0   0   0   0   0   0   0
