42	
	 68 68	
	 1.74316913e-08 -1.229354987e-09 2.570488485e-08 1.139808437e-09 -1.41832986e-08 -2.174809323e-09 9.650491424e-09 1.21541112e-10 -1.803179201e-08 -2.542234041e-09 3.837902468e-09 -2.962732779e-09 -4.058769409e-09 -2.479821493e-11 5.860600223e-09 5.656982454e-10 -9.438016007e-09 -1.7448132e-09 -8.63036507e-09 -8.09344196e-10 -1.09173048e-09 -1.320835681e-09 -2.814961979e-09 -8.859830217e-10 -1.262092751e-08 1.647236942e-09 -1.731088397e-09 -3.572761303e-09 2.825769716e-10 -1.847188745e-09 -2.51737557e-09 -9.86576711e-10 -1.738585218e-09 -8.751445657e-10   0   0   0   0   0   0   0   0   0   0   0   0   0   0   0   0   0   0   0   0   0   0   0   0   0   0   0   0   0   0   0   0   0   0
	 -1.229354987e-09 4.268365277e-09 1.075332732e-09 -1.280926652e-09 -1.074898093e-09 1.138768647e-09 1.111260524e-09 -3.324332112e-10 1.091981946e-10 1.013297984e-09 6.17384106e-10 9.784369251e-10 -2.006658518e-09 6.675275021e-10 -1.656289178e-09 -1.916152049e-10 1.272138348e-10 9.914904752e-10 -2.068357187e-10 1.628418534e-10 -6.234182598e-10 8.197111365e-10 -9.261892644e-10 5.15912638e-10 1.087361352e-09 -8.501694229e-10 9.550504896e-11 1.467126983e-10 -1.212696779e-09 4.486233925e-10 -4.901880068e-10 3.420008364e-10 -2.393900556e-10 1.723420484e-10   0   0   0   0   0   0   0   0   0   0   0   0   0   0   0   0   0   0   0   0   0   0   0   0   0   0   0   0   0   0   0   0   0   0
	 2.570488485e-08 1.075332732e-09 1.550113145e-07 -1.253904884e-08 -1.177813762e-07 -1.453311043e-09 9.099271083e-08 1.284118401e-09 -8.201753102e-08 -4.45127958e-10 1.578021892e-08 9.02392912e-09 -6.900943171e-08 4.143742965e-09 2.644039491e-08 -2.633802106e-09 -6.597209829e-08 3.266506027e-10 -5.457226202e-08 -5.321617018e-09 -1.41842842e-08 -3.859041937e-09 -6.45079562e-08 -9.477181768e-10 -2.123276792e-08 -4.554985729e-10 -2.565622706e-08 -4.619082148e-09 1.585912969e-08 -1.504192511e-09 -3.214270973e-09 1.946249482e-09 -1.662383421e-08 -2.485922217e-09   0   0   0   0   0   0   0   0   0   0   0   0   0   0   0   0   0   0   0   0   0   0   0   0   0   0   0   0   0   0   0   0   0   0
	 1.139808437e-09 -1.280926652e-09 -1.253904884e-08 1.279238103e-08 7.065913436e-09 -1.073655769e-09 -9.552918156e-09 1.474300437e-10 -6.836718686e-11 -1.540693941e-09 -3.533359678e-09 -1.949714853e-09 9.812019676e-09 2.680901153e-09 -4.916744222e-11 9.258488834e-10 2.246276449e-09 -2.262663471e-09 3.234517446e-09 1.898965699e-09 1.394584196e-09 1.758261502e-09 7.089251398e-09 6.304080615e-10 -3.657951349e-09 3.501948122e-10 1.535288184e-09 -1.965372607e-09 2.797056917e-10 2.145782816e-09 -5.719985288e-10 -3.88355873e-09 1.415551643e-09 -5.80498475e-10   0   0   0   0   0   0   0   0   0   0   0   0   0   0   0   0   0   0   0   0   0   0   0   0   0   0   0   0   0   0   0   0   0   0
	 -1.41832986e-08 -1.074898093e-09 -1.177813762e-07 7.065913436e-09 1.39942029e-07 -5.008147455e-09 -9.857673687e-08 1.644434739e-09 1.090509043e-07 -9.394430708e-10 -1.989973347e-08 -4.244703113e-09 6.915508685e-08 -1.465094843e-09 -6.633364041e-09 7.276977891e-09 6.045991986e-08 2.261864803e-09 5.725333422e-08 -2.033470088e-09 1.84960404e-08 -1.092761391e-09 6.473209487e-08 -8.377874334e-10 1.901766428e-08 1.112346949e-09 2.027953281e-08 2.137388009e-10 -6.935259286e-09 3.136465316e-09 -3.614504296e-09 3.092268493e-09 1.725984434e-08 1.675193721e-09   0   0   0   0   0   0   0   0   0   0   0   0   0   0   0   0   0   0   0   0   0   0   0   0   0   0   0   0   0   0   0   0   0   0
	 -2.174809323e-09 1.138768647e-09 -1.453311043e-09 -1.073655769e-09 -5.008147455e-09 1.544616242e-08 1.990282453e-10 -4.950887561e-09 -2.275485308e-09 2.177160404e-09 1.623377478e-09 1.726979398e-09 -5.085521866e-09 -8.006507744e-12 -2.890408498e-09 -1.123338576e-08 2.824071085e-09 -4.157144058e-09 -1.522341952e-09 7.525065482e-09 -1.05465742e-09 4.429180236e-10 -1.956811473e-09 -1.018760619e-09 3.581628132e-09 -2.922107384e-09 4.534689856e-09 2.885604743e-09 -4.657845957e-09 2.957767587e-10 3.609104415e-09 -5.058685261e-09 4.747675502e-10 9.637570687e-12   0   0   0   0   0   0   0   0   0   0   0   0   0   0   0   0   0   0   0   0   0   0   0   0   0   0   0   0   0   0   0   0   0   0
	 9.650491424e-09 1.111260524e-09 9.099271083e-08 -9.552918156e-09 -9.857673687e-08 1.990282453e-10 1.101609827e-07 -1.669996964e-09 -9.941761339e-08 2.93969178e-09 2.186277011e-08 4.907614249e-10 -6.880088242e-08 9.378747059e-10 1.890386385e-08 -5.497294819e-11 -6.354176768e-08 3.570242657e-10 -4.5028565e-08 -3.05975774e-09 -1.448235099e-08 -2.875736912e-09 -5.170009842e-08 3.204679421e-09 -1.498189786e-08 4.24322279e-09 -2.255434266e-08 -3.013091812e-09 8.376425952e-09 1.334189337e-09 8.296964741e-10 4.489114447e-10 -1.591811005e-08 -4.938721399e-10   0   0   0   0   0   0   0   0   0   0   0   0   0   0   0   0   0   0   0   0   0   0   0   0   0   0   0   0   0   0   0   0   0   0
	 1.21541112e-10 -3.324332112e-10 1.284118401e-09 1.474300437e-10 1.644434739e-09 -4.950887561e-09 -1.669996964e-09 8.647828641e-09 8.265737378e-10 -5.715033492e-09 1.0444064e-09 2.174386694e-09 9.149942744e-10 2.559837439e-09 -3.920903472e-09 3.981048288e-09 1.542084766e-09 4.028709381e-09 1.004472522e-09 -3.705539366e-09 4.985648995e-10 1.175887699e-09 7.048292627e-11 -2.453986914e-09 -9.146846434e-10 -3.403551401e-09 -2.623489629e-09 5.39080034e-10 1.589561208e-09 1.076947538e-09 -2.543803259e-09 4.423913441e-09 -3.506617622e-10 4.917719317e-11   0   0   0   0   0   0   0   0   0   0   0   0   0   0   0   0   0   0   0   0   0   0   0   0   0   0   0   0   0   0   0   0   0   0
	 -1.803179201e-08 1.091981946e-10 -8.201753102e-08 -6.836718686e-11 1.090509043e-07 -2.275485308e-09 -9.941761339e-08 8.265737378e-10 1.614599608e-07 -1.384268083e-09 -4.080239293e-08 -3.651528585e-10 8.034060088e-08 -1.104150769e-09 1.180407921e-08 2.618321505e-09 8.565007297e-08 1.300336911e-09 5.502826705e-08 -4.129099167e-09 1.187952453e-08 1.431641415e-10 4.80067279e-08 1.386507915e-09 4.830781062e-08 1.314954472e-09 2.454185201e-08 1.269576748e-10 1.297276605e-08 3.32156123e-09 2.171325e-08 6.580210918e-09 2.215544966e-08 1.127567348e-09   0   0   0   0   0   0   0   0   0   0   0   0   0   0   0   0   0   0   0   0   0   0   0   0   0   0   0   0   0   0   0   0   0   0
	 -2.542234041e-09 1.013297984e-09 -4.45127958e-10 -1.540693941e-09 -9.394430708e-10 2.177160404e-09 2.93969178e-09 -5.715033492e-09 -1.384268083e-09 1.939708074e-08 -2.464406774e-09 -5.015167272e-09 -9.123061858e-10 -1.611717731e-09 -4.97176826e-10 1.448175041e-09 -4.154782629e-09 -1.818475045e-10 4.304002569e-10 -2.137330779e-09 -2.379415154e-09 -5.893878556e-09 6.783227527e-10 2.682514127e-09 4.864463895e-10 4.551486297e-09 6.164613028e-10 5.403273071e-10 -3.018295003e-09 -1.240747111e-09 -3.178508877e-09 -5.451338652e-09 -1.044149685e-10 8.412508441e-10   0   0   0   0   0   0   0   0   0   0   0   0   0   0   0   0   0   0   0   0   0   0   0   0   0   0   0   0   0   0   0   0   0   0
	 3.837902468e-09 6.17384106e-10 1.578021892e-08 -3.533359678e-09 -1.989973347e-08 1.623377478e-09 2.186277011e-08 1.0444064e-09 -4.080239293e-08 -2.464406774e-09 5.335978568e-08 -9.158925781e-09 -4.33986505e-08 -6.740625916e-09 -2.723952427e-08 9.721464576e-09 -1.303206557e-08 1.446053721e-09 -2.880828082e-08 5.526490605e-10 3.430035759e-09 6.742239838e-09 -2.038632927e-08 1.02971876e-09 -7.978389238e-09 6.426105873e-10 -6.645632527e-09 1.365059307e-10 -9.424175946e-09 -5.436059553e-10 -6.775579047e-09 4.492302668e-09 -7.98099757e-09 3.143953043e-10   0   0   0   0   0   0   0   0   0   0   0   0   0   0   0   0   0   0   0   0   0   0   0   0   0   0   0   0   0   0   0   0   0   0
	 -2.962732779e-09 9.784369251e-10 9.02392912e-09 -1.949714853e-09 -4.244703113e-09 1.726979398e-09 4.907614249e-10 2.174386694e-09 -3.651528585e-10 -5.015167272e-09 -9.158925781e-09 2.756828413e-08 1.66978636e-09 8.520620928e-09 -2.10904942e-10 -8.973552667e-09 -8.856141141e-09 -4.251683288e-09 1.321622464e-09 -2.021090885e-09 -7.570305709e-11 2.457195276e-09 -6.325051541e-10 3.137027353e-09 -1.867544547e-09 -1.126146885e-08 -4.312480046e-09 -1.484091656e-09 1.129330729e-11 2.854650134e-09 -3.230682259e-09 6.761201756e-10 -1.997362206e-09 -1.919599699e-09   0   0   0   0   0   0   0   0   0   0   0   0   0   0   0   0   0   0   0   0   0   0   0   0   0   0   0   0   0   0   0   0   0   0
	 -4.058769409e-09 -2.006658518e-09 -6.900943171e-08 9.812019676e-09 6.915508685e-08 -5.085521866e-09 -6.880088242e-08 9.149942744e-10 8.034060088e-08 -9.123061858e-10 -4.33986505e-08 1.66978636e-09 1.033675357e-07 -7.407500512e-11 7.26126147e-09 2.988635703e-09 5.805882111e-08 -3.281506806e-10 5.965197366e-08 -2.80382193e-09 1.095877711e-08 -3.99312782e-09 5.479633574e-08 -2.616265139e-11 1.734958859e-08 -2.091014496e-09 9.95914629e-09 5.865591771e-10 1.481775677e-08 -3.105208018e-10 7.30271472e-09 3.021344845e-09 1.595981325e-08 -1.975293984e-09   0   0   0   0   0   0   0   0   0   0   0   0   0   0   0   0   0   0   0   0   0   0   0   0   0   0   0   0   0   0   0   0   0   0
	 -2.479821493e-11 6.675275021e-10 4.143742965e-09 2.680901153e-09 -1.465094843e-09 -8.006507744e-12 9.378747059e-10 2.559837439e-09 -1.104150769e-09 -1.611717731e-09 -6.740625916e-09 8.520620928e-09 -7.407500512e-11 2.892779159e-08 4.954406141e-09 -9.296840222e-09 -6.97153479e-09 4.693097918e-09 -1.207186064e-10 1.43872448e-09 -1.148466596e-09 -4.914046615e-10 -1.147038011e-09 -5.134359126e-09 -6.303616322e-09 -7.845731407e-09 1.483230665e-09 2.938003832e-09 -2.291769046e-09 2.01472688e-09 -1.715204424e-09 -2.853834352e-09 -6.296147113e-11 -1.720319864e-11   0   0   0   0   0   0   0   0   0   0   0   0   0   0   0   0   0   0   0   0   0   0   0   0   0   0   0   0   0   0   0   0   0   0
	 5.860600223e-09 -1.656289178e-09 2.644039491e-08 -4.916744222e-11 -6.633364041e-09 -2.890408498e-09 1.890386385e-08 -3.920903472e-09 1.180407921e-08 -4.97176826e-10 -2.723952427e-08 -2.10904942e-10 7.26126147e-09 4.954406141e-09 8.555173137e-08 -8.14743029e-09 -2.612620754e-08 -3.440833005e-09 3.053414416e-09 -4.876643276e-09 -1.047171871e-08 -1.186784499e-08 -1.369123378e-08 5.290148612e-09 -9.807538121e-09 5.859478517e-09 1.590582857e-09 -5.138651236e-09 2.978578493e-08 3.117139517e-09 2.292162126e-08 -3.380770878e-09 4.337202144e-09 2.500742328e-09   0   0   0   0   0   0   0   0   0   0   0   0   0   0   0   0   0   0   0   0   0   0   0   0   0   0   0   0   0   0   0   0   0   0
	 5.656982454e-10 -1.916152049e-10 -2.633802106e-09 9.258488834e-10 7.276977891e-09 -1.123338576e-08 -5.497294819e-11 3.981048288e-09 2.618321505e-09 1.448175041e-09 9.721464576e-09 -8.973552667e-09 2.988635703e-09 -9.296840222e-09 -8.14743029e-09 3.816128361e-08 5.108264905e-09 5.089895158e-09 2.637722696e-09 -1.400616328e-08 6.6843383e-10 2.769123176e-09 4.522599885e-09 2.376439379e-09 1.772965137e-09 1.785291691e-09 -5.133045723e-09 -8.791136194e-09 1.314445629e-09 -2.132756643e-10 -7.551768159e-09 8.797460115e-09 -7.94264102e-10 9.915281888e-10   0   0   0   0   0   0   0   0   0   0   0   0   0   0   0   0   0   0   0   0   0   0   0   0   0   0   0   0   0   0   0   0   0   0
	 -9.438016007e-09 1.272138348e-10 -6.597209829e-08 2.246276449e-09 6.045991986e-08 2.824071085e-09 -6.354176768e-08 1.542084766e-09 8.565007297e-08 -4.154782629e-09 -1.303206557e-08 -8.856141141e-09 5.805882111e-08 -6.97153479e-09 -2.612620754e-08 5.108264905e-09 1.168524832e-07 -9.812862821e-10 5.612715751e-08 1.098033656e-09 1.700676289e-08 1.221171219e-08 4.114904445e-08 -1.888859235e-09 5.223659099e-08 1.917265395e-11 2.718235222e-08 3.192989504e-09 -1.244160269e-09 -3.695206612e-09 2.593699882e-08 2.622154706e-09 1.920752465e-08 4.111671245e-10   0   0   0   0   0   0   0   0   0   0   0   0   0   0   0   0   0   0   0   0   0   0   0   0   0   0   0   0   0   0   0   0   0   0
	 -1.7448132e-09 9.914904752e-10 3.266506027e-10 -2.262663471e-09 2.261864803e-09 -4.157144058e-09 3.570242657e-10 4.028709381e-09 1.300336911e-09 -1.818475045e-10 1.446053721e-09 -4.251683288e-09 -3.281506806e-10 4.693097918e-09 -3.440833005e-09 5.089895158e-09 -9.812862821e-10 2.659765708e-08 1.371082138e-09 2.145395593e-09 1.901628355e-10 -3.820798525e-09 -8.141962376e-10 -9.175318884e-10 8.302704434e-10 1.225221293e-09 -5.018464955e-09 -9.175602324e-10 2.284451787e-09 -4.593656981e-09 -5.465059901e-09 1.156995845e-08 -9.129058392e-10 -1.162778465e-09   0   0   0   0   0   0   0   0   0   0   0   0   0   0   0   0   0   0   0   0   0   0   0   0   0   0   0   0   0   0   0   0   0   0
	 -8.63036507e-09 -2.068357187e-10 -5.457226202e-08 3.234517446e-09 5.725333422e-08 -1.522341952e-09 -4.5028565e-08 1.004472522e-09 5.502826705e-08 4.304002569e-10 -2.880828082e-08 1.321622464e-09 5.965197366e-08 -1.207186064e-10 3.053414416e-09 2.637722696e-09 5.612715751e-08 1.371082138e-09 9.874712919e-08 -1.979525733e-09 2.127904304e-08 -1.158899057e-09 4.568803139e-08 -2.191671724e-09 2.983110342e-08 -1.048646298e-09 1.297552183e-08 2.33711907e-10 9.658159872e-09 8.677608535e-10 3.634123101e-08 2.003975679e-09 1.199648532e-08 3.695214057e-10   0   0   0   0   0   0   0   0   0   0   0   0   0   0   0   0   0   0   0   0   0   0   0   0   0   0   0   0   0   0   0   0   0   0
	 -8.09344196e-10 1.628418534e-10 -5.321617018e-09 1.898965699e-09 -2.033470088e-09 7.525065482e-09 -3.05975774e-09 -3.705539366e-09 -4.129099167e-09 -2.137330779e-09 5.526490605e-10 -2.021090885e-09 -2.80382193e-09 1.43872448e-09 -4.876643276e-09 -1.400616328e-08 1.098033656e-09 2.145395593e-09 -1.979525733e-09 4.258883616e-08 -1.676199117e-09 -1.62693039e-09 1.350156428e-09 9.667949164e-09 -5.141934365e-10 -1.123636882e-09 4.644458954e-09 8.683127996e-09 -6.657488159e-09 -5.107716751e-09 3.489226583e-09 -5.036010304e-09 2.60815771e-12 -1.697083891e-09   0   0   0   0   0   0   0   0   0   0   0   0   0   0   0   0   0   0   0   0   0   0   0   0   0   0   0   0   0   0   0   0   0   0
	 -1.09173048e-09 -6.234182598e-10 -1.41842842e-08 1.394584196e-09 1.84960404e-08 -1.05465742e-09 -1.448235099e-08 4.985648995e-10 1.187952453e-08 -2.379415154e-09 3.430035759e-09 -7.570305709e-11 1.095877711e-08 -1.148466596e-09 -1.047171871e-08 6.6843383e-10 1.700676289e-08 1.901628355e-10 2.127904304e-08 -1.676199117e-09 4.255969825e-08 3.914487844e-10 9.895214924e-09 -2.555529304e-09 9.325841283e-09 -9.250149127e-10 -1.002439776e-08 3.901097103e-10 6.847008889e-09 -1.619744044e-09 1.495471938e-08 4.060170133e-09 -3.554670827e-09 -3.448928664e-10   0   0   0   0   0   0   0   0   0   0   0   0   0   0   0   0   0   0   0   0   0   0   0   0   0   0   0   0   0   0   0   0   0   0
	 -1.320835681e-09 8.197111365e-10 -3.859041937e-09 1.758261502e-09 -1.092761391e-09 4.429180236e-10 -2.875736912e-09 1.175887699e-09 1.431641415e-10 -5.893878556e-09 6.742239838e-09 2.457195276e-09 -3.99312782e-09 -4.914046615e-10 -1.186784499e-08 2.769123176e-09 1.221171219e-08 -3.820798525e-09 -1.158899057e-09 -1.62693039e-09 3.914487844e-10 2.822595229e-08 1.030561961e-09 8.745862689e-09 3.2606459e-09 -5.321639506e-09 3.169010726e-09 -3.870111235e-09 -5.899573303e-09 2.084328964e-09 1.094314963e-09 1.633747729e-09 -2.235896947e-10 -1.670052386e-09   0   0   0   0   0   0   0   0   0   0   0   0   0   0   0   0   0   0   0   0   0   0   0   0   0   0   0   0   0   0   0   0   0   0
	 -2.814961979e-09 -9.261892644e-10 -6.45079562e-08 7.089251398e-09 6.473209487e-08 -1.956811473e-09 -5.170009842e-08 7.048292627e-11 4.80067279e-08 6.783227527e-10 -2.038632927e-08 -6.325051541e-10 5.479633574e-08 -1.147038011e-09 -1.369123378e-08 4.522599885e-09 4.114904445e-08 -8.141962376e-10 4.568803139e-08 1.350156428e-09 9.895214924e-09 1.030561961e-09 1.989510193e-07 1.788280923e-10 7.075836761e-08 -1.75180869e-09 2.633763779e-07 1.545672949e-09 6.752026997e-08 -1.848135807e-10 1.247792166e-07 -2.341148655e-09 -1.972102668e-07 -1.5304747e-08   0   0   0   0   0   0   0   0   0   0   0   0   0   0   0   0   0   0   0   0   0   0   0   0   0   0   0   0   0   0   0   0   0   0
	 -8.859830217e-10 5.15912638e-10 -9.477181768e-10 6.304080615e-10 -8.377874334e-10 -1.018760619e-09 3.204679421e-09 -2.453986914e-09 1.386507915e-09 2.682514127e-09 1.02971876e-09 3.137027353e-09 -2.616265139e-11 -5.134359126e-09 5.290148612e-09 2.376439379e-09 -1.888859235e-09 -9.175318884e-10 -2.191671724e-09 9.667949164e-09 -2.555529304e-09 8.745862689e-09 1.788280923e-10 4.368857395e-08 5.351226721e-10 1.992810407e-09 -1.605624667e-09 3.171063608e-09 1.465809239e-09 3.504416675e-09 2.2169957e-09 -5.14454513e-09 -2.063291849e-09 -9.180483486e-09   0   0   0   0   0   0   0   0   0   0   0   0   0   0   0   0   0   0   0   0   0   0   0   0   0   0   0   0   0   0   0   0   0   0
	 -1.262092751e-08 1.087361352e-09 -2.123276792e-08 -3.657951349e-09 1.901766428e-08 3.581628132e-09 -1.498189786e-08 -9.146846434e-10 4.830781062e-08 4.864463895e-10 -7.978389238e-09 -1.867544547e-09 1.734958859e-08 -6.303616322e-09 -9.807538121e-09 1.772965137e-09 5.223659099e-08 8.302704434e-10 2.983110342e-08 -5.141934365e-10 9.325841283e-09 3.2606459e-09 7.075836761e-08 5.351226721e-10 1.136609663e-07 -7.167919264e-10 2.03949557e-07 2.494491053e-09 8.599070986e-08 2.708043574e-09 9.988988124e-08 4.262233011e-09 -1.155590014e-07 -9.649808196e-09   0   0   0   0   0   0   0   0   0   0   0   0   0   0   0   0   0   0   0   0   0   0   0   0   0   0   0   0   0   0   0   0   0   0
	 1.647236942e-09 -8.501694229e-10 -4.554985729e-10 3.501948122e-10 1.112346949e-09 -2.922107384e-09 4.24322279e-09 -3.403551401e-09 1.314954472e-09 4.551486297e-09 6.426105873e-10 -1.126146885e-08 -2.091014496e-09 -7.845731407e-09 5.859478517e-09 1.785291691e-09 1.917265395e-11 1.225221293e-09 -1.048646298e-09 -1.123636882e-09 -9.250149127e-10 -5.321639506e-09 -1.75180869e-09 1.992810407e-09 -7.167919264e-10 2.928266858e-08 1.134960966e-09 5.53645609e-09 -6.206185991e-10 -1.969809918e-09 1.40151416e-09 -4.184905144e-09 -2.440353368e-10 -3.86162996e-09   0   0   0   0   0   0   0   0   0   0   0   0   0   0   0   0   0   0   0   0   0   0   0   0   0   0   0   0   0   0   0   0   0   0
	 -1.731088397e-09 9.550504896e-11 -2.565622706e-08 1.535288184e-09 2.027953281e-08 4.534689856e-09 -2.255434266e-08 -2.623489629e-09 2.454185201e-08 6.164613028e-10 -6.645632527e-09 -4.312480046e-09 9.95914629e-09 1.483230665e-09 1.590582857e-09 -5.133045723e-09 2.718235222e-08 -5.018464955e-09 1.297552183e-08 4.644458954e-09 -1.002439776e-08 3.169010726e-09 2.633763779e-07 -1.605624667e-09 2.03949557e-07 1.134960966e-09 2.051034587e-06 1.299357428e-08 1.21693212e-06 7.13522156e-09 -8.123421447e-07 -3.510291518e-08 -3.835031104e-07 -6.581520113e-08   0   0   0   0   0   0   0   0   0   0   0   0   0   0   0   0   0   0   0   0   0   0   0   0   0   0   0   0   0   0   0   0   0   0
	 -3.572761303e-09 1.467126983e-10 -4.619082148e-09 -1.965372607e-09 2.137388009e-10 2.885604743e-09 -3.013091812e-09 5.39080034e-10 1.269576748e-10 5.403273071e-10 1.365059307e-10 -1.484091656e-09 5.865591771e-10 2.938003832e-09 -5.138651236e-09 -8.791136194e-09 3.192989504e-09 -9.175602324e-10 2.33711907e-10 8.683127996e-09 3.901097103e-10 -3.870111235e-09 1.545672949e-09 3.171063608e-09 2.494491053e-09 5.53645609e-09 1.299357428e-08 6.938382289e-08 6.729823806e-09 7.03853587e-09 -7.689810262e-09 -5.24337472e-08 -1.770743349e-09 -7.775310094e-08   0   0   0   0   0   0   0   0   0   0   0   0   0   0   0   0   0   0   0   0   0   0   0   0   0   0   0   0   0   0   0   0   0   0
	 2.825769716e-10 -1.212696779e-09 1.585912969e-08 2.797056917e-10 -6.935259286e-09 -4.657845957e-09 8.376425952e-09 1.589561208e-09 1.297276605e-08 -3.018295003e-09 -9.424175946e-09 1.129330729e-11 1.481775677e-08 -2.291769046e-09 2.978578493e-08 1.314445629e-09 -1.244160269e-09 2.284451787e-09 9.658159872e-09 -6.657488159e-09 6.847008889e-09 -5.899573303e-09 6.752026997e-08 1.465809239e-09 8.599070986e-08 -6.206185991e-10 1.21693212e-06 6.729823806e-09 9.046870204e-07 6.753618253e-09 -7.786656771e-07 -1.097803448e-08 -8.115244567e-08 -3.775004894e-08   0   0   0   0   0   0   0   0   0   0   0   0   0   0   0   0   0   0   0   0   0   0   0   0   0   0   0   0   0   0   0   0   0   0
	 -1.847188745e-09 4.486233925e-10 -1.504192511e-09 2.145782816e-09 3.136465316e-09 2.957767587e-10 1.334189337e-09 1.076947538e-09 3.32156123e-09 -1.240747111e-09 -5.436059553e-10 2.854650134e-09 -3.105208018e-10 2.01472688e-09 3.117139517e-09 -2.132756643e-10 -3.695206612e-09 -4.593656981e-09 8.677608535e-10 -5.107716751e-09 -1.619744044e-09 2.084328964e-09 -1.848135807e-10 3.504416675e-09 2.708043574e-09 -1.969809918e-09 7.13522156e-09 7.03853587e-09 6.753618253e-09 3.430465561e-08 -4.113173448e-09 -2.24689997e-08 1.12935116e-09 -3.084269252e-08   0   0   0   0   0   0   0   0   0   0   0   0   0   0   0   0   0   0   0   0   0   0   0   0   0   0   0   0   0   0   0   0   0   0
	 -2.51737557e-09 -4.901880068e-10 -3.214270973e-09 -5.719985288e-10 -3.614504296e-09 3.609104415e-09 8.296964741e-10 -2.543803259e-09 2.171325e-08 -3.178508877e-09 -6.775579047e-09 -3.230682259e-09 7.30271472e-09 -1.715204424e-09 2.292162126e-08 -7.551768159e-09 2.593699882e-08 -5.465059901e-09 3.634123101e-08 3.489226583e-09 1.495471938e-08 1.094314963e-09 1.247792166e-07 2.2169957e-09 9.988988124e-08 1.40151416e-09 -8.123421447e-07 -7.689810262e-09 -7.786656771e-07 -4.113173448e-09 1.779959626e-06 2.525931388e-08 -3.871742904e-07 1.174646897e-08   0   0   0   0   0   0   0   0   0   0   0   0   0   0   0   0   0   0   0   0   0   0   0   0   0   0   0   0   0   0   0   0   0   0
	 -9.86576711e-10 3.420008364e-10 1.946249482e-09 -3.88355873e-09 3.092268493e-09 -5.058685261e-09 4.489114447e-10 4.423913441e-09 6.580210918e-09 -5.451338652e-09 4.492302668e-09 6.761201756e-10 3.021344845e-09 -2.853834352e-09 -3.380770878e-09 8.797460115e-09 2.622154706e-09 1.156995845e-08 2.003975679e-09 -5.036010304e-09 4.060170133e-09 1.633747729e-09 -2.341148655e-09 -5.14454513e-09 4.262233011e-09 -4.184905144e-09 -3.510291518e-08 -5.24337472e-08 -1.097803448e-08 -2.24689997e-08 2.525931388e-08 1.478731767e-07 -6.394769149e-09 1.277480739e-07   0   0   0   0   0   0   0   0   0   0   0   0   0   0   0   0   0   0   0   0   0   0   0   0   0   0   0   0   0   0   0   0   0   0
	 -1.738585218e-09 -2.393900556e-10 -1.662383421e-08 1.415551643e-09 1.725984434e-08 4.747675502e-10 -1.591811005e-08 -3.506617622e-10 2.215544966e-08 -1.044149685e-10 -7.98099757e-09 -1.997362206e-09 1.595981325e-08 -6.296147113e-11 4.337202144e-09 -7.94264102e-10 1.920752465e-08 -9.129058392e-10 1.199648532e-08 2.60815771e-12 -3.554670827e-09 -2.235896947e-10 -1.972102668e-07 -2.063291849e-09 -1.155590014e-07 -2.440353368e-10 -3.835031104e-07 -1.770743349e-09 -8.115244567e-08 1.12935116e-09 -3.871742904e-07 -6.394769149e-09 3.916358951e-06 1.123280229e-07   0   0   0   0   0   0   0   0   0   0   0   0   0   0   0   0   0   0   0   0   0   0   0   0   0   0   0   0   0   0   0   0   0   0
	 -8.751445657e-10 1.723420484e-10 -2.485922217e-09 -5.80498475e-10 1.675193721e-09 9.637570687e-12 -4.938721399e-10 4.917719317e-11 1.127567348e-09 8.412508441e-10 3.143953043e-10 -1.919599699e-09 -1.975293984e-09 -1.720319864e-11 2.500742328e-09 9.915281888e-10 4.111671245e-10 -1.162778465e-09 3.695214057e-10 -1.697083891e-09 -3.448928664e-10 -1.670052386e-09 -1.5304747e-08 -9.180483486e-09 -9.649808196e-09 -3.86162996e-09 -6.581520113e-08 -7.775310094e-08 -3.775004894e-08 -3.084269252e-08 1.174646897e-08 1.277480739e-07 1.123280229e-07 1.796984559e-06   0   0   0   0   0   0   0   0   0   0   0   0   0   0   0   0   0   0   0   0   0   0   0   0   0   0   0   0   0   0   0   0   0   0
	   0   0   0   0   0   0   0   0   0   0   0   0   0   0   0   0   0   0   0   0   0   0   0   0   0   0   0   0   0   0   0   0   0   0   0   0   0   0   0   0   0   0   0   0   0   0   0   0   0   0   0   0   0   0   0   0   0   0   0   0   0   0   0   0   0   0   0   0
	   0   0   0   0   0   0   0   0   0   0   0   0   0   0   0   0   0   0   0   0   0   0   0   0   0   0   0   0   0   0   0   0   0   0   0   0   0   0   0   0   0   0   0   0   0   0   0   0   0   0   0   0   0   0   0   0   0   0   0   0   0   0   0   0   0   0   0   0
	   0   0   0   0   0   0   0   0   0   0   0   0   0   0   0   0   0   0   0   0   0   0   0   0   0   0   0   0   0   0   0   0   0   0   0   0   0   0   0   0   0   0   0   0   0   0   0   0   0   0   0   0   0   0   0   0   0   0   0   0   0   0   0   0   0   0   0   0
	   0   0   0   0   0   0   0   0   0   0   0   0   0   0   0   0   0   0   0   0   0   0   0   0   0   0   0   0   0   0   0   0   0   0   0   0   0   0   0   0   0   0   0   0   0   0   0   0   0   0   0   0   0   0   0   0   0   0   0   0   0   0   0   0   0   0   0   0
	   0   0   0   0   0   0   0   0   0   0   0   0   0   0   0   0   0   0   0   0   0   0   0   0   0   0   0   0   0   0   0   0   0   0   0   0   0   0   0   0   0   0   0   0   0   0   0   0   0   0   0   0   0   0   0   0   0   0   0   0   0   0   0   0   0   0   0   0
	   0   0   0   0   0   0   0   0   0   0   0   0   0   0   0   0   0   0   0   0   0   0   0   0   0   0   0   0   0   0   0   0   0   0   0   0   0   0   0   0   0   0   0   0   0   0   0   0   0   0   0   0   0   0   0   0   0   0   0   0   0   0   0   0   0   0   0   0
	   0   0   0   0   0   0   0   0   0   0   0   0   0   0   0   0   0   0   0   0   0   0   0   0   0   0   0   0   0   0   0   0   0   0   0   0   0   0   0   0   0   0   0   0   0   0   0   0   0   0   0   0   0   0   0   0   0   0   0   0   0   0   0   0   0   0   0   0
	   0   0   0   0   0   0   0   0   0   0   0   0   0   0   0   0   0   0   0   0   0   0   0   0   0   0   0   0   0   0   0   0   0   0   0   0   0   0   0   0   0   0   0   0   0   0   0   0   0   0   0   0   0   0   0   0   0   0   0   0   0   0   0   0   0   0   0   0
	   0   0   0   0   0   0   0   0   0   0   0   0   0   0   0   0   0   0   0   0   0   0   0   0   0   0   0   0   0   0   0   0   0   0   0   0   0   0   0   0   0   0   0   0   0   0   0   0   0   0   0   0   0   0   0   0   0   0   0   0   0   0   0   0   0   0   0   0
	   0   0   0   0   0   0   0   0   0   0   0   0   0   0   0   0   0   0   0   0   0   0   0   0   0   0   0   0   0   0   0   0   0   0   0   0   0   0   0   0   0   0   0   0   0   0   0   0   0   0   0   0   0   0   0   0   0   0   0   0   0   0   0   0   0   0   0   0
	   0   0   0   0   0   0   0   0   0   0   0   0   0   0   0   0   0   0   0   0   0   0   0   0   0   0   0   0   0   0   0   0   0   0   0   0   0   0   0   0   0   0   0   0   0   0   0   0   0   0   0   0   0   0   0   0   0   0   0   0   0   0   0   0   0   0   0   0
	   0   0   0   0   0   0   0   0   0   0   0   0   0   0   0   0   0   0   0   0   0   0   0   0   0   0   0   0   0   0   0   0   0   0   0   0   0   0   0   0   0   0   0   0   0   0   0   0   0   0   0   0   0   0   0   0   0   0   0   0   0   0   0   0   0   0   0   0
	   0   0   0   0   0   0   0   0   0   0   0   0   0   0   0   0   0   0   0   0   0   0   0   0   0   0   0   0   0   0   0   0   0   0   0   0   0   0   0   0   0   0   0   0   0   0   0   0   0   0   0   0   0   0   0   0   0   0   0   0   0   0   0   0   0   0   0   0
	   0   0   0   0   0   0   0   0   0   0   0   0   0   0   0   0   0   0   0   0   0   0   0   0   0   0   0   0   0   0   0   0   0   0   0   0   0   0   0   0   0   0   0   0   0   0   0   0   0   0   0   0   0   0   0   0   0   0   0   0   0   0   0   0   0   0   0   0
	   0   0   0   0   0   0   0   0   0   0   0   0   0   0   0   0   0   0   0   0   0   0   0   0   0   0   0   0   0   0   0   0   0   0   0   0   0   0   0   0   0   0   0   0   0   0   0   0   0   0   0   0   0   0   0   0   0   0   0   0   0   0   0   0   0   0   0   0
	   0   0   0   0   0   0   0   0   0   0   0   0   0   0   0   0   0   0   0   0   0   0   0   0   0   0   0   0   0   0   0   0   0   0   0   0   0   0   0   0   0   0   0   0   0   0   0   0   0   0   0   0   0   0   0   0   0   0   0   0   0   0   0   0   0   0   0   0
	   0   0   0   0   0   0   0   0   0   0   0   0   0   0   0   0   0   0   0   0   0   0   0   0   0   0   0   0   0   0   0   0   0   0   0   0   0   0   0   0   0   0   0   0   0   0   0   0   0   0   0   0   0   0   0   0   0   0   0   0   0   0   0   0   0   0   0   0
	   0   0   0   0   0   0   0   0   0   0   0   0   0   0   0   0   0   0   0   0   0   0   0   0   0   0   0   0   0   0   0   0   0   0   0   0   0   0   0   0   0   0   0   0   0   0   0   0   0   0   0   0   0   0   0   0   0   0   0   0   0   0   0   0   0   0   0   0
	   0   0   0   0   0   0   0   0   0   0   0   0   0   0   0   0   0   0   0   0   0   0   0   0   0   0   0   0   0   0   0   0   0   0   0   0   0   0   0   0   0   0   0   0   0   0   0   0   0   0   0   0   0   0   0   0   0   0   0   0   0   0   0   0   0   0   0   0
	   0   0   0   0   0   0   0   0   0   0   0   0   0   0   0   0   0   0   0   0   0   0   0   0   0   0   0   0   0   0   0   0   0   0   0   0   0   0   0   0   0   0   0   0   0   0   0   0   0   0   0   0   0   0   0   0   0   0   0   0   0   0   0   0   0   0   0   0
	   0   0   0   0   0   0   0   0   0   0   0   0   0   0   0   0   0   0   0   0   0   0   0   0   0   0   0   0   0   0   0   0   0   0   0   0   0   0   0   0   0   0   0   0   0   0   0   0   0   0   0   0   0   0   0   0   0   0   0   0   0   0   0   0   0   0   0   0
	   0   0   0   0   0   0   0   0   0   0   0   0   0   0   0   0   0   0   0   0   0   0   0   0   0   0   0   0   0   0   0   0   0   0   0   0   0   0   0   0   0   0   0   0   0   0   0   0   0   0   0   0   0   0   0   0   0   0   0   0   0   0   0   0   0   0   0   0
	   0   0   0   0   0   0   0   0   0   0   0   0   0   0   0   0   0   0   0   0   0   0   0   0   0   0   0   0   0   0   0   0   0   0   0   0   0   0   0   0   0   0   0   0   0   0   0   0   0   0   0   0   0   0   0   0   0   0   0   0   0   0   0   0   0   0   0   0
	   0   0   0   0   0   0   0   0   0   0   0   0   0   0   0   0   0   0   0   0   0   0   0   0   0   0   0   0   0   0   0   0   0   0   0   0   0   0   0   0   0   0   0   0   0   0   0   0   0   0   0   0   0   0   0   0   0   0   0   0   0   0   0   0   0   0   0   0
	   0   0   0   0   0   0   0   0   0   0   0   0   0   0   0   0   0   0   0   0   0   0   0   0   0   0   0   0   0   0   0   0   0   0   0   0   0   0   0   0   0   0   0   0   0   0   0   0   0   0   0   0   0   0   0   0   0   0   0   0   0   0   0   0   0   0   0   0
	   0   0   0   0   0   0   0   0   0   0   0   0   0   0   0   0   0   0   0   0   0   0   0   0   0   0   0   0   0   0   0   0   0   0   0   0   0   0   0   0   0   0   0   0   0   0   0   0   0   0   0   0   0   0   0   0   0   0   0   0   0   0   0   0   0   0   0   0
	   0   0   0   0   0   0   0   0   0   0   0   0   0   0   0   0   0   0   0   0   0   0   0   0   0   0   0   0   0   0   0   0   0   0   0   0   0   0   0   0   0   0   0   0   0   0   0   0   0   0   0   0   0   0   0   0   0   0   0   0   0   0   0   0   0   0   0   0
	   0   0   0   0   0   0   0   0   0   0   0   0   0   0   0   0   0   0   0   0   0   0   0   0   0   0   0   0   0   0   0   0   0   0   0   0   0   0   0   0   0   0   0   0   0   0   0   0   0   0   0   0   0   0   0   0   0   0   0   0   0   0   0   0   0   0   0   0
	   0   0   0   0   0   0   0   0   0   0   0   0   0   0   0   0   0   0   0   0   0   0   0   0   0   0   0   0   0   0   0   0   0   0   0   0   0   0   0   0   0   0   0   0   0   0   0   0   0   0   0   0   0   0   0   0   0   0   0   0   0   0   0   0   0   0   0   0
	   0   0   0   0   0   0   0   0   0   0   0   0   0   0   0   0   0   0   0   0   0   0   0   0   0   0   0   0   0   0   0   0   0   0   0   0   0   0   0   0   0   0   0   0   0   0   0   0   0   0   0   0   0   0   0   0   0   0   0   0   0   0   0   0   0   0   0   0
	   0   0   0   0   0   0   0   0   0   0   0   0   0   0   0   0   0   0   0   0   0   0   0   0   0   0   0   0   0   0   0   0   0   0   0   0   0   0   0   0   0   0   0   0   0   0   0   0   0   0   0   0   0   0   0   0   0   0   0   0   0   0   0   0   0   0   0   0
	   0   0   0   0   0   0   0   0   0   0   0   0   0   0   0   0   0   0   0   0   0   0   0   0   0   0   0   0   0   0   0   0   0   0   0   0   0   0   0   0   0   0   0   0   0   0   0   0   0   0   0   0   0   0   0   0   0   0   0   0   0   0   0   0   0   0   0   0
	   0   0   0   0   0   0   0   0   0   0   0   0   0   0   0   0   0   0   0   0   0   0   0   0   0   0   0   0   0   0   0   0   0   0   0   0   0   0   0   0   0   0   0   0   0   0   0   0   0   0   0   0   0   0   0   0   0   0   0   0   0   0   0   0   0   0   0   0
	   0   0   0   0   0   0   0   0   0   0   0   0   0   0   0   0   0   0   0   0   0   0   0   0   0   0   0   0   0   0   0   0   0   0   0   0   0   0   0   0   0   0   0   0   0   0   0   0   0   0   0   0   0   0   0   0   0   0   0   0   0   0   0   0   0   0   0   0
		 68 68	
	 -5.474014302e-09 8.254734315e-10 8.137555873e-09 -2.97574519e-09 -8.132945088e-09 -4.8256676e-10 9.995477932e-09 8.469800499e-10 -1.522073885e-09 1.051857187e-09 7.555570555e-10 2.194072004e-09 -8.302243198e-09 1.119886682e-11 1.021325565e-09 2.256393134e-09 -4.514489445e-09 1.489830352e-09 -2.373454345e-09 -2.096731879e-09 -2.32097167e-09 5.069707111e-10 -7.707067266e-09 3.046361087e-10 3.377569686e-09 3.203568198e-10 -2.869862188e-09 -4.365429303e-10 1.785580577e-09 1.096235163e-09 4.994039952e-10 2.045071433e-09 -1.532651168e-09 3.595116397e-11   0   0   0   0   0   0   0   0   0   0   0   0   0   0   0   0   0   0   0   0   0   0   0   0   0   0   0   0   0   0   0   0   0   0
	 8.254734315e-10 -1.611709208e-09 9.686833717e-10 6.973042183e-10 -1.112345782e-09 -7.920385612e-11 2.952472301e-10 -1.940704236e-10 -1.199393473e-09 -4.228631606e-10 -2.844159325e-10 -3.754985099e-10 1.891293261e-10 -7.254771008e-11 1.161644949e-09 -1.02016521e-09 -7.478612458e-10 -6.787804837e-10 -5.432627513e-10 5.887025551e-10 2.550150468e-10 -4.757860199e-10 -3.434105484e-10 -1.249977916e-10 -5.035577458e-10 2.192326808e-10 1.640222438e-12 1.376429438e-10 8.489294392e-10 -1.279438685e-10 7.133278812e-10 -6.436755915e-10 5.486532288e-11 -7.535641308e-11   0   0   0   0   0   0   0   0   0   0   0   0   0   0   0   0   0   0   0   0   0   0   0   0   0   0   0   0   0   0   0   0   0   0
	 8.137555873e-09 9.686833717e-10 7.577480012e-08 -9.046055795e-09 -7.472605132e-08 5.991087124e-09 7.012165564e-08 -3.714399725e-09 -5.702182911e-08 7.002020065e-10 1.060853224e-08 2.771479079e-09 -5.620480397e-08 2.544450123e-09 3.257156318e-08 -1.158580951e-08 -5.29220287e-08 -7.328478139e-10 -3.663035934e-08 9.493677658e-10 -9.70033592e-09 -6.418618506e-09 -5.541419105e-08 1.89442739e-09 -7.047318217e-09 -1.274101374e-09 -1.212225735e-08 -1.60200917e-09 2.167861755e-08 2.228452056e-09 1.744535239e-08 -4.793190243e-11 -9.301062581e-09 5.223283281e-11   0   0   0   0   0   0   0   0   0   0   0   0   0   0   0   0   0   0   0   0   0   0   0   0   0   0   0   0   0   0   0   0   0   0
	 -2.97574519e-09 6.973042183e-10 -9.046055795e-09 -5.124152597e-09 8.529760078e-09 -7.642928728e-10 -5.40549788e-09 7.896807103e-10 6.963210205e-09 1.328270316e-09 9.735175817e-10 -1.159359549e-09 2.414871663e-09 -3.6752114e-09 -7.041396755e-09 3.985831508e-09 6.245279471e-09 2.301210946e-09 3.733558404e-09 -9.760124635e-10 -2.87757922e-10 7.543599569e-10 4.815434718e-09 -1.951496102e-10 1.89202805e-09 9.46060786e-10 1.01642773e-09 1.620352339e-09 -4.827997388e-09 -2.110716548e-09 -3.135375987e-09 2.73070279e-09 2.575158353e-10 2.534240799e-10   0   0   0   0   0   0   0   0   0   0   0   0   0   0   0   0   0   0   0   0   0   0   0   0   0   0   0   0   0   0   0   0   0   0
	 -8.132945088e-09 -1.112345782e-09 -7.472605132e-08 8.529760078e-09 5.898789154e-08 -5.252105584e-09 -6.284444138e-08 3.185964875e-09 5.528526978e-08 -1.926125131e-09 -1.118423503e-08 -5.851451179e-09 5.748597759e-08 -4.078913488e-09 -2.809389922e-08 1.261913047e-08 5.963395337e-08 -2.689421745e-10 4.023683851e-08 -3.36012954e-09 9.763742906e-09 7.640601551e-09 5.014488378e-08 -2.011082474e-09 1.205216491e-08 2.545995317e-09 1.578643468e-08 -1.217316486e-09 -1.522358871e-08 -1.676059262e-09 -5.490691478e-09 1.306141521e-09 1.127713492e-08 1.170696997e-09   0   0   0   0   0   0   0   0   0   0   0   0   0   0   0   0   0   0   0   0   0   0   0   0   0   0   0   0   0   0   0   0   0   0
	 -4.8256676e-10 -7.920385612e-11 5.991087124e-09 -7.642928728e-10 -5.252105584e-09 -3.601980446e-09 3.168321901e-09 8.241026295e-10 -3.143073839e-09 7.462837305e-10 -1.695486425e-09 1.480851603e-09 -1.117031806e-09 6.523284707e-10 -7.017668101e-11 -1.350826877e-09 -4.115268887e-09 1.901418382e-09 -1.5454633e-09 1.60836813e-09 1.434078146e-10 -1.683244822e-09 -2.771185929e-09 1.464940563e-09 1.149435568e-09 -1.301240631e-09 -2.683033263e-09 1.572618709e-09 3.543685688e-09 -2.662302152e-10 4.281504442e-10 3.503852003e-10 -6.540232529e-10 -1.244154938e-09   0   0   0   0   0   0   0   0   0   0   0   0   0   0   0   0   0   0   0   0   0   0   0   0   0   0   0   0   0   0   0   0   0   0
	 9.995477932e-09 2.952472301e-10 7.012165564e-08 -5.40549788e-09 -6.284444138e-08 3.168321901e-09 4.720434714e-08 -2.664201468e-09 -4.780798715e-08 6.319348357e-10 8.367706519e-09 3.894493932e-09 -4.718036175e-08 3.281066324e-09 2.875725163e-08 -9.88857616e-09 -5.407018477e-08 -1.535699085e-09 -3.726431336e-08 8.078071699e-10 -1.177096585e-08 -5.926191982e-09 -5.033050555e-08 2.744764262e-09 -1.698151787e-08 -1.252860045e-09 -1.225818918e-08 -9.638449825e-10 1.530691132e-08 6.950955914e-10 6.725860475e-09 -2.132309612e-09 -9.956368795e-09 -4.02533594e-10   0   0   0   0   0   0   0   0   0   0   0   0   0   0   0   0   0   0   0   0   0   0   0   0   0   0   0   0   0   0   0   0   0   0
	 8.469800499e-10 -1.940704236e-10 -3.714399725e-09 7.896807103e-10 3.185964875e-09 8.241026295e-10 -2.664201468e-09 -3.656882555e-09 1.582250757e-09 1.20015777e-09 -3.137134712e-10 -2.124596336e-09 1.160181985e-09 -1.829559955e-09 5.97510693e-10 3.962942012e-10 1.609028813e-09 -1.215016307e-09 5.849435138e-10 5.516259377e-10 5.970324555e-10 1.111430342e-09 2.175154029e-09 -4.096695488e-10 -9.908781224e-10 2.398781161e-09 2.246033459e-09 -1.850843682e-09 -1.898333858e-09 -8.550864263e-10 3.916225381e-10 1.535363792e-11 5.797645006e-10 -5.188401497e-11   0   0   0   0   0   0   0   0   0   0   0   0   0   0   0   0   0   0   0   0   0   0   0   0   0   0   0   0   0   0   0   0   0   0
	 -1.522073885e-09 -1.199393473e-09 -5.702182911e-08 6.963210205e-09 5.528526978e-08 -3.143073839e-09 -4.780798715e-08 1.582250757e-09 3.352269018e-08 -1.910239554e-09 -9.503373421e-09 -3.157091484e-09 4.510122636e-08 -1.079546891e-09 -1.514442344e-08 5.354343627e-09 4.459701008e-08 -9.328721138e-10 4.199709836e-08 -1.687787666e-09 1.388801415e-08 3.44232711e-09 4.730953655e-08 -3.179118004e-09 8.981908706e-09 3.515539706e-10 1.639958558e-08 -3.0182178e-10 -1.047408212e-08 -9.210252205e-10 5.94516164e-11 -5.909278327e-10 1.166469097e-08 1.052451286e-09   0   0   0   0   0   0   0   0   0   0   0   0   0   0   0   0   0   0   0   0   0   0   0   0   0   0   0   0   0   0   0   0   0   0
	 1.051857187e-09 -4.228631606e-10 7.002020065e-10 1.328270316e-09 -1.926125131e-09 7.462837305e-10 6.319348357e-10 1.20015777e-09 -1.910239554e-09 -8.27800686e-09 1.2232474e-09 1.998018273e-09 2.623318223e-10 1.331354942e-09 9.818615446e-10 -1.833214352e-09 1.136337733e-09 -1.302482811e-09 -6.818111796e-11 2.755006003e-09 4.268382549e-10 2.347292014e-09 -5.257036615e-10 2.606520904e-10 -4.465512399e-11 -7.793065685e-10 -3.173301362e-10 1.795702721e-09 9.931839461e-10 7.398567122e-10 2.189480089e-09 -1.497186612e-09 -2.268527116e-10 3.699746283e-10   0   0   0   0   0   0   0   0   0   0   0   0   0   0   0   0   0   0   0   0   0   0   0   0   0   0   0   0   0   0   0   0   0   0
