21	
	  7 7	
	 -8.517085347e-05 0.000152913394 -0.0002028983644 0.0001360764166 0.0002140862425 -0.0001350745941 2.405873753e-05
	 0.000152913394 -0.0002880060526 0.0003960588423 -0.0002658383306 -0.0004272861608 0.0002689711364 -3.087883336e-05
	 -0.0002028983644 0.0003960588423 -0.0005723839334 0.0003922402779 0.0006473168518 -0.000415946317 8.941971327e-06
	 0.0001360764166 -0.0002658383306 0.0003922402779 -0.0002885296913 -0.0004688318757 0.0003101979838 -4.632153381e-06
	 0.0002140862425 -0.0004272861608 0.0006473168518 -0.0004688318757 -0.0008032453223 0.00053890783 4.558619111e-05
	 -0.0001350745941 0.0002689711364 -0.000415946317 0.0003101979838 0.00053890783 -0.00037970508 -5.950087265e-05
	 2.405873753e-05 -3.087883336e-05 8.941971327e-06 -4.632153381e-06 4.558619111e-05 -5.950087265e-05 -0.0001298013285
		  7 7	
	 2.427504638e-05 -5.921408273e-05 0.0001012497351 -7.445040435e-05 -0.0001262229552 8.322537145e-05 1.205590266e-05
	 -5.921408273e-05 0.0001276551703 -0.0002021863543 0.0001462358889 0.0002466449779 -0.0001619272426 -1.090777829e-05
	 0.0001012497351 -0.0002021863543 0.0002901192757 -0.00021079431 -0.0003448800358 0.0002224366257 -3.156049222e-06
	 -7.445040435e-05 0.0001462358889 -0.00021079431 0.000143896277 0.0002408523416 -0.0001558005558 6.667861652e-06
	 -0.0001262229552 0.0002466449779 -0.0003448800358 0.0002408523416 0.0003760222777 -0.0002428852967 7.847254684e-06
	 8.322537145e-05 -0.0001619272426 0.0002224366257 -0.0001558005558 -0.0002428852967 0.0001456514899 -1.279321827e-05
	 1.205590266e-05 -1.090777829e-05 -3.156049222e-06 6.667861652e-06 7.847254684e-06 -1.279321827e-05 -3.074492589e-05
		  7 7	
	 2.778400508e-06 -1.600389941e-06 -9.871557093e-06 1.001661775e-05 2.826234388e-05 -2.51892148e-05 -2.215934622e-05
	 -1.600389941e-06 -9.751860534e-06 3.497612851e-05 -2.160925774e-05 -5.52383217e-05 3.887149152e-05 3.074358265e-05
	 -9.871557093e-06 3.497612851e-05 -6.822822992e-05 3.302997252e-05 7.523363648e-05 -4.447477135e-05 -2.308691531e-05
	 1.001661775e-05 -2.160925774e-05 3.302997252e-05 -3.010830808e-05 -5.015836765e-05 3.327004405e-05 1.523371869e-05
	 2.826234388e-05 -5.52383217e-05 7.523363648e-05 -5.015836765e-05 -9.134301557e-05 5.099939776e-05 5.818113993e-06
	 -2.51892148e-05 3.887149152e-05 -4.447477135e-05 3.327004405e-05 5.099939776e-05 -3.852740269e-05 -3.911240231e-06
	 -2.215934622e-05 3.074358265e-05 -2.308691531e-05 1.523371869e-05 5.818113993e-06 -3.911240231e-06 1.065892245e-06
		  7 7	
	 1.238817572e-05 -2.295719569e-05 3.323977027e-05 -2.924132254e-05 -4.394503694e-05 3.113792697e-05 -2.536163007e-06
	 -2.295719569e-05 4.219108521e-05 -6.64843854e-05 5.784922931e-05 9.006973916e-05 -6.481336124e-05 2.104222353e-06
	 3.323977027e-05 -6.64843854e-05 0.0001013032981 -7.667534453e-05 -0.0001257947176 8.364097017e-05 -9.181656443e-06
	 -2.924132254e-05 5.784922931e-05 -7.667534453e-05 4.209749678e-05 7.440160556e-05 -4.723537304e-05 1.638904677e-05
	 -4.394503694e-05 9.006973916e-05 -0.0001257947176 7.440160556e-05 0.0001225213676 -7.80469049e-05 1.698374867e-05
	 3.113792697e-05 -6.481336124e-05 8.364097017e-05 -4.723537304e-05 -7.80469049e-05 3.900363453e-05 -1.833984953e-05
	 -2.536163007e-06 2.104222353e-06 -9.181656443e-06 1.638904677e-05 1.698374867e-05 -1.833984953e-05 -8.875627101e-06
		  7 7	
	 2.977460459e-06 -1.038841424e-06 -7.551966485e-06 5.142596237e-06 2.145569428e-05 -1.864186215e-05 -2.339180391e-05
	 -1.038841424e-06 -6.655033581e-06 2.251611071e-05 -1.626190757e-05 -4.471933759e-05 3.415578468e-05 3.654530446e-05
	 -7.551966485e-06 2.251611071e-05 -4.790900971e-05 3.268728629e-05 6.804121678e-05 -4.749976382e-05 -3.962363112e-05
	 5.142596237e-06 -1.626190757e-05 3.268728629e-05 -2.046331062e-05 -3.932477843e-05 2.246428139e-05 2.048849828e-05
	 2.145569428e-05 -4.471933759e-05 6.804121678e-05 -3.932477843e-05 -7.612218764e-05 4.173424393e-05 2.019423149e-05
	 -1.864186215e-05 3.415578468e-05 -4.749976382e-05 2.246428139e-05 4.173424393e-05 -2.538905155e-05 -8.585289759e-06
	 -2.339180391e-05 3.654530446e-05 -3.962363112e-05 2.048849828e-05 2.019423149e-05 -8.585289759e-06 6.817610418e-06
	
	  7 7	
	 -6.059018877e-06 1.032776432e-05 -1.321521953e-05 1.280662953e-05 1.309442511e-05 -9.2078938e-06 9.167662501e-06
	 1.032776432e-05 -1.912759264e-05 2.837328286e-05 -2.325550904e-05 -3.162241192e-05 2.115334263e-05 -1.594710497e-05
	 -1.321521953e-05 2.837328286e-05 -4.353299476e-05 3.367040885e-05 5.413988166e-05 -3.331589089e-05 2.066274232e-05
	 1.280662953e-05 -2.325550904e-05 3.367040885e-05 -2.834327321e-05 -4.402947366e-05 3.013132673e-05 -1.2626017e-05
	 1.309442511e-05 -3.162241192e-05 5.413988166e-05 -4.402947366e-05 -6.791151005e-05 4.41368899e-05 -1.379644326e-05
	 -9.2078938e-06 2.115334263e-05 -3.331589089e-05 3.013132673e-05 4.41368899e-05 -2.736277986e-05 8.981935772e-06
	 9.167662501e-06 -1.594710497e-05 2.066274232e-05 -1.2626017e-05 -1.379644326e-05 8.981935772e-06 2.90708288e-06
		  7 7	
	 -9.066473297e-07 -1.25235111e-06 8.311349469e-06 -5.77269362e-06 -2.081086691e-05 1.667440919e-05 1.883402319e-05
	 -1.25235111e-06 7.151521579e-06 -1.994792676e-05 1.57843832e-05 3.857399087e-05 -3.056419292e-05 -3.197541152e-05
	 8.311349469e-06 -1.994792676e-05 3.635445191e-05 -2.338044949e-05 -4.886270328e-05 3.66192381e-05 3.353232234e-05
	 -5.77269362e-06 1.57843832e-05 -2.338044949e-05 9.259431931e-06 2.290480141e-05 -1.27972014e-05 -1.404864668e-05
	 -2.081086691e-05 3.857399087e-05 -4.886270328e-05 2.290480141e-05 4.791036576e-05 -2.823714334e-05 -1.587243148e-05
	 1.667440919e-05 -3.056419292e-05 3.66192381e-05 -1.27972014e-05 -2.823714334e-05 1.355717075e-05 4.216967339e-06
	 1.883402319e-05 -3.197541152e-05 3.353232234e-05 -1.404864668e-05 -1.587243148e-05 4.216967339e-06 -4.235903727e-06
		  7 7	
	 -3.912020503e-06 7.140343793e-06 -9.698283164e-06 9.745064884e-06 9.828928856e-06 -7.33784746e-06 7.41322868e-06
	 7.140343793e-06 -1.452632948e-05 2.225655487e-05 -1.90325623e-05 -2.659339801e-05 1.674757262e-05 -1.385319277e-05
	 -9.698283164e-06 2.225655487e-05 -3.799473241e-05 3.149550013e-05 4.901591531e-05 -2.948159544e-05 1.61855888e-05
	 9.745064884e-06 -1.90325623e-05 3.149550013e-05 -2.581108768e-05 -3.930438143e-05 2.58505027e-05 -9.233831844e-06
	 9.828928856e-06 -2.659339801e-05 4.901591531e-05 -3.930438143e-05 -6.058664727e-05 3.678803677e-05 -1.38629182e-05
	 -7.33784746e-06 1.674757262e-05 -2.948159544e-05 2.58505027e-05 3.678803677e-05 -2.423432537e-05 8.095162464e-06
	 7.41322868e-06 -1.385319277e-05 1.61855888e-05 -9.233831844e-06 -1.38629182e-05 8.095162464e-06 4.436212387e-06
		  7 7	
	 8.030189151e-07 -5.369913241e-08 -3.948140708e-06 2.288305043e-06 1.230416891e-05 -1.037609691e-05 -1.525776875e-05
	 -5.369913241e-08 -1.927761198e-06 8.996397022e-06 -6.485901394e-06 -2.100603049e-05 1.94011501e-05 2.627670726e-05
	 -3.948140708e-06 8.996397022e-06 -1.575183893e-05 8.719028903e-06 2.506479436e-05 -2.147962209e-05 -2.739816386e-05
	 2.288305043e-06 -6.485901394e-06 8.719028903e-06 -2.491909475e-06 -1.009900886e-05 6.371782007e-06 1.255570055e-05
	 1.230416891e-05 -2.100603049e-05 2.506479436e-05 -1.009900886e-05 -2.547345732e-05 1.708279628e-05 1.927958331e-05
	 -1.037609691e-05 1.94011501e-05 -2.147962209e-05 6.371782007e-06 1.708279628e-05 -7.053155933e-06 -6.848566274e-06
	 -1.525776875e-05 2.627670726e-05 -2.739816386e-05 1.255570055e-05 1.927958331e-05 -6.848566274e-06 6.502287324e-07
		  7 7	
	 3.695864678e-06 -7.570387594e-06 1.144133909e-05 -1.103105424e-05 -1.315590484e-05 9.355760895e-06 -6.80008074e-06
	 -7.570387594e-06 1.663679872e-05 -2.635685321e-05 2.285762961e-05 3.263276787e-05 -1.981755354e-05 1.215296576e-05
	 1.144133909e-05 -2.635685321e-05 4.50971372e-05 -3.598303117e-05 -5.461057998e-05 3.3092265e-05 -1.444484605e-05
	 -1.103105424e-05 2.285762961e-05 -3.598303117e-05 2.652565566e-05 4.13168489e-05 -2.567750225e-05 9.943931985e-06
	 -1.315590484e-05 3.263276787e-05 -5.461057998e-05 4.13168489e-05 6.379408287e-05 -3.688266602e-05 1.901788743e-05
	 9.355760895e-06 -1.981755354e-05 3.3092265e-05 -2.567750225e-05 -3.688266602e-05 2.357352134e-05 -1.163151055e-05
	 -6.80008074e-06 1.215296576e-05 -1.444484605e-05 9.943931985e-06 1.901788743e-05 -1.163151055e-05 -8.024384933e-06
	
	  7 7	
	 -1.346395703e-06 2.077156527e-06 -5.753814035e-07 1.244711268e-06 -4.870304946e-06 5.235761053e-06 1.312954014e-05
	 2.077156527e-06 -3.516731126e-06 9.487189997e-07 -1.645798225e-06 7.02950478e-06 -9.880332067e-06 -2.212217354e-05
	 -5.753814035e-07 9.487189997e-07 5.383733711e-08 1.756584368e-06 -7.897746817e-06 9.355423484e-06 2.394267771e-05
	 1.244711268e-06 -1.645798225e-06 1.756584368e-06 -3.372321733e-06 -6.30688537e-07 -8.372485301e-07 -1.303108869e-05
	 -4.870304946e-06 7.02950478e-06 -7.897746817e-06 -6.30688537e-07 7.76051976e-06 -7.480764871e-06 -2.295749203e-05
	 5.235761053e-06 -9.880332067e-06 9.355423484e-06 -8.372485301e-07 -7.480764871e-06 2.837527559e-06 1.070967085e-05
	 1.312954014e-05 -2.212217354e-05 2.394267771e-05 -1.303108869e-05 -2.295749203e-05 1.070967085e-05 3.233121195e-06
		  7 7	
	 -3.654917664e-06 7.976430764e-06 -1.258139517e-05 1.163393537e-05 1.510926259e-05 -1.03542444e-05 6.079881869e-06
	 7.976430764e-06 -1.793796766e-05 2.84707554e-05 -2.41908797e-05 -3.474181692e-05 2.119658527e-05 -1.020961243e-05
	 -1.258139517e-05 2.84707554e-05 -4.722407808e-05 3.615782661e-05 5.457534198e-05 -3.378600494e-05 1.294927655e-05
	 1.163393537e-05 -2.41908797e-05 3.615782661e-05 -2.691040406e-05 -4.192257597e-05 2.532419946e-05 -1.007339985e-05
	 1.510926259e-05 -3.474181692e-05 5.457534198e-05 -4.192257597e-05 -6.38986841e-05 3.667617574e-05 -2.069888028e-05
	 -1.03542444e-05 2.119658527e-05 -3.378600494e-05 2.532419946e-05 3.667617574e-05 -2.276563507e-05 1.345291914e-05
	 6.079881869e-06 -1.020961243e-05 1.294927655e-05 -1.007339985e-05 -2.069888028e-05 1.345291914e-05 9.965209896e-06
		  7 7	
	 1.737414034e-06 -3.36324053e-06 3.358949052e-06 -3.34273359e-06 2.479868249e-07 -2.023346582e-06 -1.152584678e-05
	 -3.36324053e-06 6.753697514e-06 -6.80956592e-06 6.092154728e-06 1.040981263e-06 3.907125577e-06 1.898311813e-05
	 3.358949052e-06 -6.80956592e-06 8.46771308e-06 -7.073435035e-06 -1.648622467e-06 -2.390339361e-06 -2.17579721e-05
	 -3.34273359e-06 6.092154728e-06 -7.073435035e-06 7.498115397e-06 7.440917852e-06 -2.911348882e-06 1.244036005e-05
	 2.479868249e-07 1.040981263e-06 -1.648622467e-06 7.440917852e-06 3.141234991e-06 9.897978783e-07 2.369962282e-05
	 -2.023346582e-06 3.907125577e-06 -2.390339361e-06 -2.911348882e-06 9.897978783e-07 4.351171973e-07 -1.266930192e-05
	 -1.152584678e-05 1.898311813e-05 -2.17579721e-05 1.244036005e-05 2.369962282e-05 -1.266930192e-05 -6.061434851e-06
		  7 7	
	 3.623924173e-06 -8.097433939e-06 1.290340267e-05 -1.166403162e-05 -1.562004989e-05 1.042652996e-05 -6.033229125e-06
	 -8.097433939e-06 1.82697665e-05 -2.878093615e-05 2.423785148e-05 3.4641443e-05 -2.117885823e-05 9.783851158e-06
	 1.290340267e-05 -2.878093615e-05 4.630692349e-05 -3.518598147e-05 -5.264141794e-05 3.267070229e-05 -1.342663319e-05
	 -1.166403162e-05 2.423785148e-05 -3.518598147e-05 2.670667936e-05 4.09283388e-05 -2.401681949e-05 9.994692244e-06
	 -1.562004989e-05 3.4641443e-05 -5.264141794e-05 4.09283388e-05 6.128878434e-05 -3.459857016e-05 2.172841107e-05
	 1.042652996e-05 -2.117885823e-05 3.267070229e-05 -2.401681949e-05 -3.459857016e-05 2.09629996e-05 -1.484891317e-05
	 -6.033229125e-06 9.783851158e-06 -1.342663319e-05 9.994692244e-06 2.172841107e-05 -1.484891317e-05 -1.139814709e-05
		  7 7	
	 1.925099001e-06 -3.987266707e-06 4.695934621e-06 -4.295853324e-06 -2.076867512e-06 -3.943278393e-07 -1.057995439e-05
	 -3.987266707e-06 8.338879708e-06 -9.679476023e-06 8.194321148e-06 5.129188047e-06 6.979725285e-07 1.728806291e-05
	 4.695934621e-06 -9.679476023e-06 1.240309203e-05 -9.885044167e-06 -6.847669551e-06 1.186794108e-06 -2.097344769e-05
	 -4.295853324e-06 8.194321148e-06 -9.885044167e-06 9.844272422e-06 1.085413652e-05 -4.581083379e-06 1.172904335e-05
	 -2.076867512e-06 5.129188047e-06 -6.847669551e-06 1.085413652e-05 8.374031293e-06 -1.86433983e-06 2.353753054e-05
	 -3.943278393e-07 6.979725285e-07 1.186794108e-06 -4.581083379e-06 -1.86433983e-06 1.564326314e-06 -1.365984205e-05
	 -1.057995439e-05 1.728806291e-05 -2.097344769e-05 1.172904335e-05 2.353753054e-05 -1.365984205e-05 -7.420973292e-06
	
	  7 7	
	 -3.400528513e-06 7.668530369e-06 -1.219600912e-05 1.08734966e-05 1.477274276e-05 -9.688125834e-06 5.866187228e-06
	 7.668530369e-06 -1.727629259e-05 2.696664392e-05 -2.254526126e-05 -3.20912271e-05 1.971629121e-05 -9.307031087e-06
	 -1.219600912e-05 2.696664392e-05 -4.250816444e-05 3.249426287e-05 4.821477562e-05 -2.983396513e-05 1.34534886e-05
	 1.08734966e-05 -2.254526126e-05 3.249426287e-05 -2.543914248e-05 -3.799951139e-05 2.192050379e-05 -9.25356618e-06
	 1.477274276e-05 -3.20912271e-05 4.821477562e-05 -3.799951139e-05 -5.571994007e-05 3.111865646e-05 -2.099732523e-05
	 -9.688125834e-06 1.971629121e-05 -2.983396513e-05 2.192050379e-05 3.111865646e-05 -1.839537342e-05 1.504678845e-05
	 5.866187228e-06 -9.307031087e-06 1.34534886e-05 -9.25356618e-06 -2.099732523e-05 1.504678845e-05 1.153504681e-05
		  7 7	
	 2.118660601e-06 -4.511896891e-06 5.829296067e-06 -5.1853918e-06 -4.170108876e-06 1.205064243e-06 -9.689035692e-06
	 -4.511896891e-06 9.548425022e-06 -1.204103903e-05 1.015287941e-05 9.083396722e-06 -2.679131273e-06 1.553379616e-05
	 5.829296067e-06 -1.204103903e-05 1.599323546e-05 -1.300004674e-05 -1.260094217e-05 5.37524649e-06 -1.970369756e-05
	 -5.1853918e-06 1.015287941e-05 -1.300004674e-05 1.244428427e-05 1.464361951e-05 -6.891561486e-06 1.080822298e-05
	 -4.170108876e-06 9.083396722e-06 -1.260094217e-05 1.464361951e-05 1.445663115e-05 -5.600500456e-06 2.291384494e-05
	 1.205064243e-06 -2.679131273e-06 5.37524649e-06 -6.891561486e-06 -5.600500456e-06 3.092808049e-06 -1.468852875e-05
	 -9.689035692e-06 1.553379616e-05 -1.970369756e-05 1.080822298e-05 2.291384494e-05 -1.468852875e-05 -8.712342299e-06
		  7 7	
	 -3.351618885e-06 7.561494103e-06 -1.193349045e-05 1.057173586e-05 1.433737845e-05 -9.226973217e-06 6.281992303e-06
	 7.561494103e-06 -1.693112683e-05 2.615179454e-05 -2.196037012e-05 -3.089252468e-05 1.903319056e-05 -9.770243972e-06
	 -1.193349045e-05 2.615179454e-05 -4.057119707e-05 3.165736065e-05 4.628954367e-05 -2.85192989e-05 1.431004478e-05
	 1.057173586e-05 -2.196037012e-05 3.165736065e-05 -2.514050085e-05 -3.671740905e-05 2.095957837e-05 -9.137067747e-06
	 1.433737845e-05 -3.089252468e-05 4.628954367e-05 -3.671740905e-05 -5.286834406e-05 2.922983664e-05 -2.155969898e-05
	 -9.226973217e-06 1.903319056e-05 -2.85192989e-05 2.095957837e-05 2.922983664e-05 -1.668866121e-05 1.617540373e-05
	 6.281992303e-06 -9.770243972e-06 1.431004478e-05 -9.137067747e-06 -2.155969898e-05 1.617540373e-05 1.200190514e-05
		  7 7	
	 1.853294114e-06 -3.939439834e-06 4.823586203e-06 -4.238902519e-06 -2.816569749e-06 1.330294268e-07 -9.767553679e-06
	 -3.939439834e-06 8.26600055e-06 -9.794901252e-06 8.292234893e-06 6.083475956e-06 -6.58377308e-07 1.566317461e-05
	 4.823586203e-06 -9.794901252e-06 1.199600393e-05 -1.03939199e-05 -8.1010262e-06 2.149564495e-06 -1.992365623e-05
	 -4.238902519e-06 8.292234893e-06 -1.03939199e-05 1.034254574e-05 1.094317116e-05 -4.597047969e-06 1.013165693e-05
	 -2.816569749e-06 6.083475956e-06 -8.1010262e-06 1.094317116e-05 8.375519784e-06 -1.916328247e-06 2.217257265e-05
	 1.330294268e-07 -6.58377308e-07 2.149564495e-06 -4.597047969e-06 -1.916328247e-06 6.899260179e-07 -1.444271984e-05
	 -9.767553679e-06 1.566317461e-05 -1.992365623e-05 1.013165693e-05 2.217257265e-05 -1.444271984e-05 -8.094862399e-06
		  7 7	
	 -2.968011315e-06 6.890847744e-06 -1.167933526e-05 1.03346963e-05 1.583865536e-05 -1.109470437e-05 2.059943726e-06
	 6.890847744e-06 -1.584903839e-05 2.616724542e-05 -2.191585649e-05 -3.409310693e-05 2.272784795e-05 -2.991675659e-06
	 -1.167933526e-05 2.616724542e-05 -4.228983651e-05 3.271916177e-05 5.180108603e-05 -3.319231177e-05 6.279852085e-06
	 1.03346963e-05 -2.191585649e-05 3.271916177e-05 -2.448047356e-05 -3.797478043e-05 2.267337101e-05 -4.835298601e-06
	 1.583865536e-05 -3.409310693e-05 5.180108603e-05 -3.797478043e-05 -5.888372013e-05 3.410516044e-05 -1.339680254e-05
	 -1.109470437e-05 2.272784795e-05 -3.319231177e-05 2.267337101e-05 3.410516044e-05 -1.973303659e-05 1.153049373e-05
	 2.059943726e-06 -2.991675659e-06 6.279852085e-06 -4.835298601e-06 -1.339680254e-05 1.153049373e-05 9.878742802e-06
	
	  7 7	
	 1.879027941e-06 -4.091368874e-06 5.296542183e-06 -4.630710198e-06 -3.949917885e-06 1.074889743e-06 -8.88910441e-06
	 -4.091368874e-06 8.816151838e-06 -1.113215566e-05 9.313389747e-06 8.508961979e-06 -2.544503933e-06 1.428945993e-05
	 5.296542183e-06 -1.113215566e-05 1.453434342e-05 -1.231311823e-05 -1.199386249e-05 4.627914022e-06 -1.852061092e-05
	 -4.630710198e-06 9.313389747e-06 -1.231311823e-05 1.124673231e-05 1.28472992e-05 -6.043603436e-06 9.141398622e-06
	 -3.949917885e-06 8.508961979e-06 -1.199386249e-05 1.28472992e-05 1.232937324e-05 -4.547891802e-06 2.090456322e-05
	 1.074889743e-06 -2.544503933e-06 4.627914022e-06 -6.043603436e-06 -4.547891802e-06 2.346358388e-06 -1.395286447e-05
	 -8.88910441e-06 1.428945993e-05 -1.852061092e-05 9.141398622e-06 2.090456322e-05 -1.395286447e-05 -7.993297729e-06
		