12	
	  6 6	
	 -2.40743879e-05 0.0001260373182 -2.537499168e-06 -4.370303691e-05 -0.0001141114517 0.0004128530719
	 0.0001260373182 -0.003160121902 0.00538484002 0.0006048750813 -0.004662779587 -0.0002234926827
	 -2.537499168e-06 0.00538484002 -0.01502804172 -3.882162502e-05 0.01651200876 -0.01018628871
	 -4.370303691e-05 0.0006048750813 -3.882162502e-05 -0.001175165492 -0.002975010097 0.004662605851
	 -0.0001141114517 -0.004662779587 0.01651200876 -0.002975010097 -0.02807363201 0.02616569712
	 0.0004128530719 -0.0002234926827 -0.01018628871 0.004662605851 0.02616569712 -0.04260050676
		  6 6	
	 5.560600192e-06 -5.059567463e-05 2.323439318e-05 1.186231175e-05 -1.098030928e-05 -0.000115287887
	 -5.059567463e-05 0.001362113955 -0.002724673147 -6.606037975e-05 0.003183037867 -0.00172073963
	 2.323439318e-05 -0.002724673147 0.006532274207 3.503559255e-05 -0.008133620564 0.006441584694
	 1.186231175e-05 -6.606037975e-05 3.503559255e-05 9.897556044e-05 0.0002939789588 -0.0003883677725
	 -1.098030928e-05 0.003183037867 -0.008133620564 0.0002939789588 0.0109508383 -0.008615103288
	 -0.000115287887 -0.00172073963 0.006441584694 -0.0003883677725 -0.008615103288 0.009080425383
		  6 6	
	 3.02993341e-05 -0.0001788165105 6.814617467e-05 5.349274918e-05 8.393634099e-05 -0.0004772418531
	 -0.0001788165105 0.003956590252 -0.006814967668 -0.0005114621361 0.006674478886 -0.0004269637817
	 6.814617467e-05 -0.006814967668 0.01738504348 -0.0002859500984 -0.02115849469 0.01346244305
	 5.349274918e-05 -0.0005114621361 -0.0002859500984 0.0008052487707 0.002489301188 -0.004854722391
	 8.393634099e-05 0.006674478886 -0.02115849469 0.002489301188 0.03244610153 -0.03053145406
	 -0.0004772418531 -0.0004269637817 0.01346244305 -0.004854722391 -0.03053145406 0.04632804433
		  6 6	
	 -2.101433174e-05 0.0001222434477 1.114223552e-05 -5.043770633e-05 -0.0001337126316 0.0004479394938
	 0.0001222434477 -0.003173526532 0.005667362001 0.0005747704654 -0.005161046192 0.0002934686073
	 1.114223552e-05 0.005667362001 -0.01563696538 -5.721442575e-07 0.01776264358 -0.01168692616
	 -5.043770633e-05 0.0005747704654 -5.721442575e-07 -0.0009436975455 -0.00249973833 0.004286719748
	 -0.0001337126316 -0.005161046192 0.01776264358 -0.00249973833 -0.02808353235 0.02635761019
	 0.0004479394938 0.0002934686073 -0.01168692616 0.004286719748 0.02635761019 -0.03988423302
		  6 6	
	 -8.723330227e-06 5.240441581e-05 -2.200895649e-05 -1.421488724e-05 -7.145175072e-06 0.0001185420183
	 5.240441581e-05 -0.001318906588 0.002357895266 0.0001126103555 -0.002549576752 0.0008530662012
	 -2.200895649e-05 0.002357895266 -0.005910888331 0.0001053066336 0.00732217803 -0.005230579559
	 -1.421488724e-05 0.0001126103555 0.0001053066336 -0.0002220027385 -0.0007006358548 0.001176751219
	 -7.145175072e-06 -0.002549576752 0.00732217803 -0.0007006358548 -0.01086604683 0.009687477354
	 0.0001185420183 0.0008530662012 -0.005230579559 0.001176751219 0.009687477354 -0.01326380147
	
	  6 6	
	 -3.373658481e-06 2.033951386e-05 1.008638525e-05 -1.343781382e-05 -3.840477092e-05 9.28917505e-05
	 2.033951386e-05 -0.0006287853317 0.001139074306 0.0001090156517 -0.001074141332 0.0001296801918
	 1.008638525e-05 0.001139074306 -0.003295693569 9.011108171e-05 0.00387077047 -0.00251441828
	 -1.343781382e-05 0.0001090156517 9.011108171e-05 -0.0001670595741 -0.0005636875895 0.0009517289734
	 -3.840477092e-05 -0.001074141332 0.00387077047 -0.0005636875895 -0.006088503288 0.005955031519
	 9.28917505e-05 0.0001296801918 -0.00251441828 0.0009517289734 0.005955031519 -0.008530984648
		  6 6	
	 3.428355324e-06 -1.825915303e-05 6.816412024e-06 6.113214688e-06 8.007273295e-06 -2.90345323e-05
	 -1.825915303e-05 0.0004591517386 -0.0007481349019 -3.543493521e-05 0.0008599837058 -4.195891207e-05
	 6.816412024e-06 -0.0007481349019 0.002058364572 -0.0001306762726 -0.002577274472 0.001273640204
	 6.113214688e-06 -3.543493521e-05 -0.0001306762726 0.0001053824425 0.0003983895856 -0.0006674493362
	 8.007273295e-06 0.0008599837058 -0.002577274472 0.0003983895856 0.004147102117 -0.003923364804
	 -2.90345323e-05 -4.195891207e-05 0.001273640204 -0.0006674493362 -0.003923364804 0.005260992125
		  6 6	
	 6.842450083e-06 -3.456720092e-05 -1.337983514e-05 1.570975268e-05 6.263005904e-05 -0.0001385069892
	 -3.456720092e-05 0.000799418474 -0.001288663027 -0.000230127584 0.0008984433013 0.0009085014572
	 -1.337983514e-05 -0.001288663027 0.004105875895 2.003274544e-05 -0.004143080068 0.001644104056
	 1.570975268e-05 -0.000230127584 2.003274544e-05 0.0004151765169 0.001028892148 -0.001789074266
	 6.263005904e-05 0.0008984433013 -0.004143080068 0.001028892148 0.007569379468 -0.007586614777
	 -0.0001385069892 0.0009085014572 0.001644104056 -0.001789074266 -0.007586614777 0.01281768713
		  6 6	
	 7.133694399e-06 -3.574301333e-05 -4.60184042e-06 1.082991767e-05 3.779233829e-05 -0.0001140071662
	 -3.574301333e-05 0.000853085925 -0.00141690567 -0.0001962071859 0.001166567474 0.0004222771505
	 -4.60184042e-06 -0.00141690567 0.004159078724 8.178889099e-05 -0.004287188443 0.002259295248
	 1.082991767e-05 -0.0001962071859 8.178889099e-05 0.0003871472129 0.0008606395024 -0.001423005126
	 3.779233829e-05 0.001166567474 -0.004287188443 0.0008606395024 0.007433164317 -0.006963743914
	 -0.0001140071662 0.0004222771505 0.002259295248 -0.001423005126 -0.006963743914 0.01145176889
		  6 6	
	 -6.187893027e-06 3.000338642e-05 2.299557761e-05 -1.357667416e-05 -6.247911701e-05 0.0001460455228
	 3.000338642e-05 -0.0007768046004 0.001314317029 0.0002544525699 -0.0008403838401 -0.000667216837
	 2.299557761e-05 0.001314317029 -0.00419753776 -0.0001660107985 0.003972938059 -0.002136510208
	 -1.357667416e-05 0.0002544525699 -0.0001660107985 -0.0004496197581 -0.0009477730545 0.001559871326
	 -6.247911701e-05 -0.0008403838401 0.003972938059 -0.0009477730545 -0.007195455316 0.006980972569
	 0.0001460455228 -0.000667216837 -0.002136510208 0.001559871326 0.006980972569 -0.01213771143
	
	  6 6	
	 -4.483194531e-06 1.998238165e-05 1.579579544e-05 -6.521237585e-06 -3.251736778e-05 8.498414543e-05
	 1.998238165e-05 -0.0005777561065 0.0009866294149 0.0001672381842 -0.0007310875346 -0.0002035984298
	 1.579579544e-05 0.0009866294149 -0.003069717732 -0.0001585742761 0.002887923132 -0.001828533651
	 -6.521237585e-06 0.0001672381842 -0.0001585742761 -0.0003303837984 -0.0006235791713 0.0009285381873
	 -3.251736778e-05 -0.0007310875346 0.002887923132 -0.0006235791713 -0.005103973906 0.004645364085
	 8.498414543e-05 -0.0002035984298 -0.001828533651 0.0009285381873 0.004645364085 -0.007849601547
		  6 6	
	 3.126414332e-06 -9.561080351e-06 -3.548240804e-05 5.929704398e-06 4.880879591e-05 -8.957219411e-05
	 -9.561080351e-06 0.0004274603008 -0.0007294218539 -0.0002062983137 0.0003137244956 0.0003845343676
	 -3.548240804e-05 -0.0007294218539 0.002744407658 0.0002545471491 -0.002093053824 0.001387636367
	 5.929704398e-06 -0.0002062983137 0.0002545471491 0.0003961094724 0.0006687483893 -0.000917688502
	 4.880879591e-05 0.0003137244956 -0.002093053824 0.0006687483893 0.004164166082 -0.003847629695
	 -8.957219411e-05 0.0003845343676 0.001387636367 -0.000917688502 -0.003847629695 0.007173026302
		