51
24 24	
	 2.9644912943862516037e-07 1.0198259635117120199e-07 -5.0382612608320948097e-08 6.7020496109762337525e-09 -2.9601984348461076908e-08 -1.1912630682468797232e-09 -2.0382571757160706932e-08 4.4999650567654293691e-09 -5.804753352370901955e-09 7.8980395604196674562e-09 -1.2965935058082534042e-08 2.7877775759749673021e-09   0   0   0   0   0   0   0   0   0   0   0   0
	 1.0198259635117120199e-07 1.0366032865766322238e-07 -2.4454774634107319904e-09 2.3113768225229445374e-08 -2.104607567099132563e-09 2.0782378439755023456e-08 -9.474089974197831983e-10 1.4367337216690161023e-08 1.475359213447316228e-08 -2.6148848756984666293e-09 4.2135191971790894254e-09 -2.3570592749910717252e-09   0   0   0   0   0   0   0   0   0   0   0   0
	 -5.0382612608320948097e-08 -2.4454774634107319904e-09 6.4402039309764692626e-08 2.1438090569037564815e-09 3.8413645257909903997e-08 9.8889135563556834103e-09 3.225156108199118678e-08 -2.6473037495605403074e-08 1.7627704286627977678e-08 5.6281079822196597786e-09 1.3965465847510345258e-08 1.3080271952246313341e-08   0   0   0   0   0   0   0   0   0   0   0   0
	 6.7020496109762337525e-09 2.3113768225229445374e-08 2.1438090569037564815e-09 2.3610414092645847174e-08 -4.9460363317289824309e-09 1.403425013831747473e-08 7.052738602759409751e-09 9.1319962343966438945e-09 3.5918982624998213685e-09 1.1476834977521589676e-08 -4.0022281026152770456e-09 9.0185195745890714216e-09   0   0   0   0   0   0   0   0   0   0   0   0
	 -2.9601984348461076908e-08 -2.104607567099132563e-09 3.8413645257909903997e-08 -4.9460363317289824309e-09 4.4442477939080333648e-08 -4.102986497045962086e-09 2.6867775820874959013e-08 -5.6322773617804493374e-09 1.1596016663164157178e-08 -1.3855060690191441335e-08 2.5328916024683563523e-08 1.1639138702391311725e-08   0   0   0   0   0   0   0   0   0   0   0   0
	 -1.1912630682468797232e-09 2.0782378439755023456e-08 9.8889135563556834103e-09 1.403425013831747473e-08 -4.102986497045962086e-09 2.0478522528692644787e-08 -2.037242453252867331e-09 -5.8632944240410148665e-09 1.5759057164200924144e-08 1.0217433222759335782e-08 -8.2001533702134344949e-09 7.5718677744515630688e-09   0   0   0   0   0   0   0   0   0   0   0   0
	 -2.0382571757160706932e-08 -9.474089974197831983e-10 3.225156108199118678e-08 7.052738602759409751e-09 2.6867775820874959013e-08 -2.037242453252867331e-09 5.277711650112635773e-08 -9.7122482477144024624e-09 -2.5399820807371001396e-08 4.12907953588816987e-08 5.7540390451393318538e-09 1.9109988742006718107e-08   0   0   0   0   0   0   0   0   0   0   0   0
	 4.4999650567654293691e-09 1.4367337216690161023e-08 -2.6473037495605403074e-08 9.1319962343966438945e-09 -5.6322773617804493374e-09 -5.8632944240410148665e-09 -9.7122482477144024624e-09 1.9281254778788330509e-07 -7.8746354101663855164e-08 -3.5175801135914539003e-08 6.3925176638682140215e-08 2.1951671587121884613e-08   0   0   0   0   0   0   0   0   0   0   0   0
	 -5.804753352370901955e-09 1.475359213447316228e-08 1.7627704286627977678e-08 3.5918982624998213685e-09 1.1596016663164157178e-08 1.5759057164200924144e-08 -2.5399820807371001396e-08 -7.8746354101663855164e-08 1.0213441280428662774e-07 -5.5134021874581720417e-08 -1.598246367577486534e-08 -4.3956566255043395644e-08   0   0   0   0   0   0   0   0   0   0   0   0
	 7.8980395604196674562e-09 -2.6148848756984666293e-09 5.6281079822196597786e-09 1.1476834977521589676e-08 -1.3855060690191441335e-08 1.0217433222759335782e-08 4.12907953588816987e-08 -3.5175801135914539003e-08 -5.5134021874581720417e-08 3.6706255513085850032e-07 -2.4933501400483169441e-08 -3.8503261319404872659e-08   0   0   0   0   0   0   0   0   0   0   0   0
	 -1.2965935058082534042e-08 4.2135191971790894254e-09 1.3965465847510345258e-08 -4.0022281026152770456e-09 2.5328916024683563523e-08 -8.2001533702134344949e-09 5.7540390451393318538e-09 6.3925176638682140215e-08 -1.598246367577486534e-08 -2.4933501400483169441e-08 2.9796905234120558664e-07 -6.2447042269011863951e-09   0   0   0   0   0   0   0   0   0   0   0   0
	 2.7877775759749673021e-09 -2.3570592749910717252e-09 1.3080271952246313341e-08 9.0185195745890714216e-09 1.1639138702391311725e-08 7.5718677744515630688e-09 1.9109988742006718107e-08 2.1951671587121884613e-08 -4.3956566255043395644e-08 -3.8503261319404872659e-08 -6.2447042269011863951e-09 2.988200940481669473e-07   0   0   0   0   0   0   0   0   0   0   0   0
	   0   0   0   0   0   0   0   0   0   0   0   0   0   0   0   0   0   0   0   0   0   0   0   0
	   0   0   0   0   0   0   0   0   0   0   0   0   0   0   0   0   0   0   0   0   0   0   0   0
	   0   0   0   0   0   0   0   0   0   0   0   0   0   0   0   0   0   0   0   0   0   0   0   0
	   0   0   0   0   0   0   0   0   0   0   0   0   0   0   0   0   0   0   0   0   0   0   0   0
	   0   0   0   0   0   0   0   0   0   0   0   0   0   0   0   0   0   0   0   0   0   0   0   0
	   0   0   0   0   0   0   0   0   0   0   0   0   0   0   0   0   0   0   0   0   0   0   0   0
	   0   0   0   0   0   0   0   0   0   0   0   0   0   0   0   0   0   0   0   0   0   0   0   0
	   0   0   0   0   0   0   0   0   0   0   0   0   0   0   0   0   0   0   0   0   0   0   0   0
	   0   0   0   0   0   0   0   0   0   0   0   0   0   0   0   0   0   0   0   0   0   0   0   0
	   0   0   0   0   0   0   0   0   0   0   0   0   0   0   0   0   0   0   0   0   0   0   0   0
	   0   0   0   0   0   0   0   0   0   0   0   0   0   0   0   0   0   0   0   0   0   0   0   0
	   0   0   0   0   0   0   0   0   0   0   0   0   0   0   0   0   0   0   0   0   0   0   0   0
	
24 24	
	 2.7453258981802502283e-06 4.6695700181948205653e-07 -3.2084794228066057214e-07 1.1917082871118113815e-08 -2.0368577822334935691e-07 -8.5647403210740690822e-08 -1.4957820003220874743e-07 5.6058732501081662735e-08 -1.0800885125132998826e-07 -1.178271826138624441e-08 -5.1113131512787103575e-08 -4.3862537576276379228e-08   0   0   0   0   0   0   0   0   0   0   0   0
	 4.6695700181948205653e-07 2.2050954768498069995e-07 -1.4707337180462146691e-09 3.0835090256939999991e-08 2.7325113812396315318e-09 1.2098072561672574921e-08 1.8689871409613436141e-08 -4.4089162695525319341e-08 1.0068880751866845631e-08 2.4971478286978388133e-08 -1.6157772191348251627e-08 -1.0439367310301377793e-09   0   0   0   0   0   0   0   0   0   0   0   0
	 -3.2084794228066057214e-07 -1.4707337180462146691e-09 7.7275122783283925429e-08 2.2861557650373973599e-08 5.2205787133351982897e-08 2.148692340511357546e-08 3.9620313025699261456e-08 2.0353148546390065234e-08 8.8682516367786631046e-09 -3.8884527213630454467e-09 5.4579254972144170544e-08 -3.5510364055207025277e-09   0   0   0   0   0   0   0   0   0   0   0   0
	 1.1917082871118113815e-08 3.0835090256939999991e-08 2.2861557650373973599e-08 1.2657612908001929128e-08 1.7457080114794340211e-09 2.7721307847537344585e-08 -1.2465733953956591135e-08 -9.5545425347978604195e-10 2.6365084636060868007e-08 -3.7178240266013146393e-08 -1.2785708941742482766e-08 9.7544676853636753843e-09   0   0   0   0   0   0   0   0   0   0   0   0
	 -2.0368577822334935691e-07 2.7325113812396315318e-09 5.2205787133351982897e-08 1.7457080114794340211e-09 -3.3613816478136850611e-09 2.3473606780507163969e-08 5.4174010009955195553e-09 -1.9847714999641371966e-09 2.458991865232070835e-09 4.1575051652476156037e-08 1.2491972131984491497e-08 4.2147941292730489386e-09   0   0   0   0   0   0   0   0   0   0   0   0
	 -8.5647403210740690822e-08 1.2098072561672574921e-08 2.148692340511357546e-08 2.7721307847537344585e-08 2.3473606780507163969e-08 6.5679023682897375425e-09 3.0198016715762774116e-08 1.5715105190236925419e-08 4.0703846449693187047e-09 -1.6490598323015633404e-08 1.2579697571759051714e-08 1.7703372645368261989e-08   0   0   0   0   0   0   0   0   0   0   0   0
	 -1.4957820003220874743e-07 1.8689871409613436141e-08 3.9620313025699261456e-08 -1.2465733953956591135e-08 5.4174010009955195553e-09 3.0198016715762774116e-08 -6.2933951262011279349e-08 2.6416747692226621365e-08 6.511558238659459e-08 -1.3972499647668084151e-07 1.8075772982330601188e-08 -6.4845463358581506458e-08   0   0   0   0   0   0   0   0   0   0   0   0
	 5.6058732501081662735e-08 -4.4089162695525319341e-08 2.0353148546390065234e-08 -9.5545425347978604195e-10 -1.9847714999641371966e-09 1.5715105190236925419e-08 2.6416747692226621365e-08 -3.3810272366189718874e-07 1.3096299762617765123e-07 -8.7137986946981079405e-09 -7.9523971321172333352e-08 -1.8262324261001799906e-08   0   0   0   0   0   0   0   0   0   0   0   0
	 -1.0800885125132998826e-07 1.0068880751866845631e-08 8.8682516367786631046e-09 2.6365084636060868007e-08 2.458991865232070835e-09 4.0703846449693187047e-09 6.511558238659459e-08 1.3096299762617765123e-07 -1.0809187996664539185e-07 2.4049185315024654856e-07 8.2078412213460926373e-09 5.0303659577888663844e-08   0   0   0   0   0   0   0   0   0   0   0   0
	 -1.178271826138624441e-08 2.4971478286978388133e-08 -3.8884527213630454467e-09 -3.7178240266013146393e-08 4.1575051652476156037e-08 -1.6490598323015633404e-08 -1.3972499647668084151e-07 -8.7137986946981079405e-09 2.4049185315024654856e-07 -7.8574466346388931409e-07 1.5265337611076080544e-07 -2.777568854198258088e-08   0   0   0   0   0   0   0   0   0   0   0   0
	 -5.1113131512787103575e-08 -1.6157772191348251627e-08 5.4579254972144170544e-08 -1.2785708941742482766e-08 1.2491972131984491497e-08 1.2579697571759051714e-08 1.8075772982330601188e-08 -7.9523971321172333352e-08 8.2078412213460926373e-09 1.5265337611076080544e-07 -8.6164663754469302659e-07 1.1237114386050950293e-07   0   0   0   0   0   0   0   0   0   0   0   0
	 -4.3862537576276379228e-08 -1.0439367310301377793e-09 -3.5510364055207025277e-09 9.7544676853636753843e-09 4.2147941292730489386e-09 1.7703372645368261989e-08 -6.4845463358581506458e-08 -1.8262324261001799906e-08 5.0303659577888663844e-08 -2.777568854198258088e-08 1.1237114386050950293e-07 4.3591252607680407217e-07   0   0   0   0   0   0   0   0   0   0   0   0
	   0   0   0   0   0   0   0   0   0   0   0   0   0   0   0   0   0   0   0   0   0   0   0   0
	   0   0   0   0   0   0   0   0   0   0   0   0   0   0   0   0   0   0   0   0   0   0   0   0
	   0   0   0   0   0   0   0   0   0   0   0   0   0   0   0   0   0   0   0   0   0   0   0   0
	   0   0   0   0   0   0   0   0   0   0   0   0   0   0   0   0   0   0   0   0   0   0   0   0
	   0   0   0   0   0   0   0   0   0   0   0   0   0   0   0   0   0   0   0   0   0   0   0   0
	   0   0   0   0   0   0   0   0   0   0   0   0   0   0   0   0   0   0   0   0   0   0   0   0
	   0   0   0   0   0   0   0   0   0   0   0   0   0   0   0   0   0   0   0   0   0   0   0   0
	   0   0   0   0   0   0   0   0   0   0   0   0   0   0   0   0   0   0   0   0   0   0   0   0
	   0   0   0   0   0   0   0   0   0   0   0   0   0   0   0   0   0   0   0   0   0   0   0   0
	   0   0   0   0   0   0   0   0   0   0   0   0   0   0   0   0   0   0   0   0   0   0   0   0
	   0   0   0   0   0   0   0   0   0   0   0   0   0   0   0   0   0   0   0   0   0   0   0   0
	   0   0   0   0   0   0   0   0   0   0   0   0   0   0   0   0   0   0   0   0   0   0   0   0
	
24 24	
	 1.7187821473112300758e-07 2.3775993412229235209e-08 -5.6458527945901610001e-10 2.1383940461336477025e-08 -2.072792048610505798e-08 5.3223042108819023869e-09 -6.1943861668281025789e-09 8.462071896960686662e-09 -4.9185294167312744967e-09 4.7373188145029803907e-09 -1.2111485563286615209e-08 1.0534131321984419922e-08   0   0   0   0   0   0   0   0   0   0   0   0
	 2.3775993412229235209e-08 3.5607502043842700332e-08 -2.2501629209840474264e-08 -1.5674713205501595759e-08 -1.5079711503355404277e-08 -1.1238458923368545632e-08 -2.0878929614191370598e-08 3.4040780019765576262e-08 -1.0185522576575012056e-08 -4.9559655200101595337e-08 5.7836457550956231027e-09 -1.4485463666338607846e-07   0   0   0   0   0   0   0   0   0   0   0   0
	 -5.6458527945901610001e-10 -2.2501629209840474264e-08 -1.5932106833017056711e-07 1.4151978317812586354e-08 -1.1104495124477763946e-07 1.6896801035445408189e-09 -6.7297531535258903866e-08 7.7162932530744854958e-08 -5.1527497868202535685e-08 1.5541889950624046525e-08 -8.6117585223352841359e-08 -3.2257452388023186608e-08   0   0   0   0   0   0   0   0   0   0   0   0
	 2.1383940461336477025e-08 -1.5674713205501595759e-08 1.4151978317812586354e-08 -5.5301357654197235889e-09 3.1720539771274080812e-08 -2.1331664711263529167e-08 2.1847554223395121135e-08 1.7980121833375856254e-08 -3.5794390230154331309e-09 -8.425655330668424096e-09 1.9537255066348464713e-08 1.0526402660764744425e-08   0   0   0   0   0   0   0   0   0   0   0   0
	 -2.072792048610505798e-08 -1.5079711503355404277e-08 -1.1104495124477763946e-07 3.1720539771274080812e-08 -1.0998562978387555733e-07 3.3658078818077940971e-08 -1.2381433511512794764e-07 1.0034030709806357098e-07 1.059183130314636573e-08 -2.3174926518445544127e-08 -1.787704533086808975e-09 1.7295711790491213701e-08   0   0   0   0   0   0   0   0   0   0   0   0
	 5.3223042108819023869e-09 -1.1238458923368545632e-08 1.6896801035445408189e-09 -2.1331664711263529167e-08 3.3658078818077940971e-08 -2.3364675174689070794e-08 3.8235427741003915645e-08 -4.987242226184768932e-08 -1.9369883628885788906e-08 2.0177592060033095583e-08 -1.8830076086212030745e-08 3.7255990063889957812e-08   0   0   0   0   0   0   0   0   0   0   0   0
	 -6.1943861668281025789e-09 -2.0878929614191370598e-08 -6.7297531535258903866e-08 2.1847554223395121135e-08 -1.2381433511512794764e-07 3.8235427741003915645e-08 -6.7041397197971288732e-08 1.2394961915627780622e-07 -7.46328870390670697e-08 5.5545248586841886038e-09 -1.2429287046200726035e-08 -4.6910278308421898596e-08   0   0   0   0   0   0   0   0   0   0   0   0
	 8.462071896960686662e-09 3.4040780019765576262e-08 7.7162932530744854958e-08 1.7980121833375856254e-08 1.0034030709806357098e-07 -4.987242226184768932e-08 1.2394961915627780622e-07 1.866008537775897987e-08 -2.8784369228784158258e-08 -3.009032426662690842e-07 2.1868227993125860005e-07 1.3177457432179664792e-07   0   0   0   0   0   0   0   0   0   0   0   0
	 -4.9185294167312744967e-09 -1.0185522576575012056e-08 -5.1527497868202535685e-08 -3.5794390230154331309e-09 1.059183130314636573e-08 -1.9369883628885788906e-08 -7.46328870390670697e-08 -2.8784369228784158258e-08 1.5047166893078929792e-07 1.0730812595523208948e-07 -9.2265471529498427711e-08 -2.2872728463067461198e-07   0   0   0   0   0   0   0   0   0   0   0   0
	 4.7373188145029803907e-09 -4.9559655200101595337e-08 1.5541889950624046525e-08 -8.425655330668424096e-09 -2.3174926518445544127e-08 2.0177592060033095583e-08 5.5545248586841886038e-09 -3.009032426662690842e-07 1.0730812595523208948e-07 5.7637941458921810991e-07 7.1492260601965384005e-08 -8.0950135706390835961e-08   0   0   0   0   0   0   0   0   0   0   0   0
	 -1.2111485563286615209e-08 5.7836457550956231027e-09 -8.6117585223352841359e-08 1.9537255066348464713e-08 -1.787704533086808975e-09 -1.8830076086212030745e-08 -1.2429287046200726035e-08 2.1868227993125860005e-07 -9.2265471529498427711e-08 7.1492260601965384005e-08 -7.8789681349870598782e-07 2.6832561703464534531e-07   0   0   0   0   0   0   0   0   0   0   0   0
	 1.0534131321984419922e-08 -1.4485463666338607846e-07 -3.2257452388023186608e-08 1.0526402660764744425e-08 1.7295711790491213701e-08 3.7255990063889957812e-08 -4.6910278308421898596e-08 1.3177457432179664792e-07 -2.2872728463067461198e-07 -8.0950135706390835961e-08 2.6832561703464534531e-07 1.9820285401870850325e-06   0   0   0   0   0   0   0   0   0   0   0   0
	   0   0   0   0   0   0   0   0   0   0   0   0   0   0   0   0   0   0   0   0   0   0   0   0
	   0   0   0   0   0   0   0   0   0   0   0   0   0   0   0   0   0   0   0   0   0   0   0   0
	   0   0   0   0   0   0   0   0   0   0   0   0   0   0   0   0   0   0   0   0   0   0   0   0
	   0   0   0   0   0   0   0   0   0   0   0   0   0   0   0   0   0   0   0   0   0   0   0   0
	   0   0   0   0   0   0   0   0   0   0   0   0   0   0   0   0   0   0   0   0   0   0   0   0
	   0   0   0   0   0   0   0   0   0   0   0   0   0   0   0   0   0   0   0   0   0   0   0   0
	   0   0   0   0   0   0   0   0   0   0   0   0   0   0   0   0   0   0   0   0   0   0   0   0
	   0   0   0   0   0   0   0   0   0   0   0   0   0   0   0   0   0   0   0   0   0   0   0   0
	   0   0   0   0   0   0   0   0   0   0   0   0   0   0   0   0   0   0   0   0   0   0   0   0
	   0   0   0   0   0   0   0   0   0   0   0   0   0   0   0   0   0   0   0   0   0   0   0   0
	   0   0   0   0   0   0   0   0   0   0   0   0   0   0   0   0   0   0   0   0   0   0   0   0
	   0   0   0   0   0   0   0   0   0   0   0   0   0   0   0   0   0   0   0   0   0   0   0   0
	
24 24	
	 3.3516220984972991099e-07 5.0013276319922022652e-08 -2.6898263180166864068e-08 1.9196334680028052787e-08 -4.0669356586806664045e-08 -6.1587894169387520902e-10 -1.2226183615049105718e-08 -7.1149926467642318519e-10 -1.9050033405503023416e-08 1.7773748837154223621e-08 -2.459848879921298722e-08 4.8452099565127954333e-09   0   0   0   0   0   0   0   0   0   0   0   0
	 5.0013276319922022652e-08 4.6867678083406080104e-08 -4.4584010859206386261e-08 -1.4570546219558491539e-08 9.0404267373766876059e-09 -9.1552424100267767656e-09 -5.6535116408174020527e-08 7.875453425828531635e-08 2.9712435631907160227e-08 -1.0025348011912881666e-07 4.1243656095690243251e-08 -7.3786889340627343406e-08   0   0   0   0   0   0   0   0   0   0   0   0
	 -2.6898263180166864068e-08 -4.4584010859206386261e-08 -1.3387016545963664185e-07 5.083376222200003049e-08 -1.2696364695328776203e-07 3.7307413760514494455e-08 -6.8648677730922611606e-08 -9.2475354986457054801e-09 -1.2787455186058133954e-08 7.6124464467049086351e-08 -9.1380894084854148098e-08 1.4502710504259660461e-08   0   0   0   0   0   0   0   0   0   0   0   0
	 1.9196334680028052787e-08 -1.4570546219558491539e-08 5.083376222200003049e-08 2.259861151349701305e-08 -1.791884514966991535e-09 -1.1623638536693938075e-08 9.2648388069198808056e-08 -4.2373986800415180366e-09 -9.3868939025759087933e-08 4.9320298968118123507e-08 7.8459597601812286861e-10 5.8094453644313954305e-08   0   0   0   0   0   0   0   0   0   0   0   0
	 -4.0669356586806664045e-08 9.0404267373766876059e-09 -1.2696364695328776203e-07 -1.791884514966991535e-09 -5.148668063495172649e-08 1.3538123644511489036e-09 -1.3239121284769197746e-07 2.4413653973477371821e-07 1.2812213528588077721e-08 -1.1113464353761495912e-07 1.38645588810138876e-08 -4.6384871671957421074e-08   0   0   0   0   0   0   0   0   0   0   0   0
	 -6.1587894169387520902e-10 -9.1552424100267767656e-09 3.7307413760514494455e-08 -1.1623638536693938075e-08 1.3538123644511489036e-09 6.7688593520156240147e-09 1.902044801153525346e-08 -1.6337557489177554015e-07 4.3587915044593957629e-08 4.2020666965269405122e-08 -2.102177424669648175e-08 2.7303239525118085367e-09   0   0   0   0   0   0   0   0   0   0   0   0
	 -1.2226183615049105718e-08 -5.6535116408174020527e-08 -6.8648677730922611606e-08 9.2648388069198808056e-08 -1.3239121284769197746e-07 1.902044801153525346e-08 1.0642318060558819477e-07 2.1497438549342649357e-07 -3.2323469285552497204e-07 3.7785148376350675523e-07 -8.651252074121781394e-08 1.4036174538558249807e-07   0   0   0   0   0   0   0   0   0   0   0   0
	 -7.1149926467642318519e-10 7.875453425828531635e-08 -9.2475354986457054801e-09 -4.2373986800415180366e-09 2.4413653973477371821e-07 -1.6337557489177554015e-07 2.1497438549342649357e-07 1.1185558203631075756e-06 -5.754226630125073667e-07 -3.417899771631663534e-07 8.3961743528294321315e-07 2.6672591624592200245e-07   0   0   0   0   0   0   0   0   0   0   0   0
	 -1.9050033405503023416e-08 2.9712435631907160227e-08 -1.2787455186058133954e-08 -9.3868939025759087933e-08 1.2812213528588077721e-08 4.3587915044593957629e-08 -3.2323469285552497204e-07 -5.754226630125073667e-07 6.9239669408687223293e-07 -5.3583071813533020088e-07 -3.0107314098871793872e-07 -3.5437570579065163999e-07   0   0   0   0   0   0   0   0   0   0   0   0
	 1.7773748837154223621e-08 -1.0025348011912881666e-07 7.6124464467049086351e-08 4.9320298968118123507e-08 -1.1113464353761495912e-07 4.2020666965269405122e-08 3.7785148376350675523e-07 -3.417899771631663534e-07 -5.3583071813533020088e-07 2.4115191409752268188e-06 1.4156608150521734217e-07 -1.2263419208385900784e-07   0   0   0   0   0   0   0   0   0   0   0   0
	 -2.459848879921298722e-08 4.1243656095690243251e-08 -9.1380894084854148098e-08 7.8459597601812286861e-10 1.38645588810138876e-08 -2.102177424669648175e-08 -8.651252074121781394e-08 8.3961743528294321315e-07 -3.0107314098871793872e-07 1.4156608150521734217e-07 4.6574480608845824825e-07 -5.4255976309485043811e-09   0   0   0   0   0   0   0   0   0   0   0   0
	 4.8452099565127954333e-09 -7.3786889340627343406e-08 1.4502710504259660461e-08 5.8094453644313954305e-08 -4.6384871671957421074e-08 2.7303239525118085367e-09 1.4036174538558249807e-07 2.6672591624592200245e-07 -3.5437570579065163999e-07 -1.2263419208385900784e-07 -5.4255976309485043811e-09 7.6743774669442595726e-07   0   0   0   0   0   0   0   0   0   0   0   0
	   0   0   0   0   0   0   0   0   0   0   0   0   0   0   0   0   0   0   0   0   0   0   0   0
	   0   0   0   0   0   0   0   0   0   0   0   0   0   0   0   0   0   0   0   0   0   0   0   0
	   0   0   0   0   0   0   0   0   0   0   0   0   0   0   0   0   0   0   0   0   0   0   0   0
	   0   0   0   0   0   0   0   0   0   0   0   0   0   0   0   0   0   0   0   0   0   0   0   0
	   0   0   0   0   0   0   0   0   0   0   0   0   0   0   0   0   0   0   0   0   0   0   0   0
	   0   0   0   0   0   0   0   0   0   0   0   0   0   0   0   0   0   0   0   0   0   0   0   0
	   0   0   0   0   0   0   0   0   0   0   0   0   0   0   0   0   0   0   0   0   0   0   0   0
	   0   0   0   0   0   0   0   0   0   0   0   0   0   0   0   0   0   0   0   0   0   0   0   0
	   0   0   0   0   0   0   0   0   0   0   0   0   0   0   0   0   0   0   0   0   0   0   0   0
	   0   0   0   0   0   0   0   0   0   0   0   0   0   0   0   0   0   0   0   0   0   0   0   0
	   0   0   0   0   0   0   0   0   0   0   0   0   0   0   0   0   0   0   0   0   0   0   0   0
	   0   0   0   0   0   0   0   0   0   0   0   0   0   0   0   0   0   0   0   0   0   0   0   0
	
24 24	
	 3.2864079487045989831e-07 5.6036078586210007369e-08 -3.0313890367796410328e-08 1.4826524730476673971e-08 -2.9133244940218818923e-08 -7.7913572906663088636e-09 -1.2425769412426650804e-08 2.2554742403322287958e-08 -1.8090895022820228246e-08 -9.3810447088750746854e-09 -1.2595501455012603495e-08 -7.0682386219096387164e-09   0   0   0   0   0   0   0   0   0   0   0   0
	 5.6036078586210007369e-08 3.7235420803491546607e-08 -1.1008075562912425152e-08 -2.1385809982471347367e-08 -6.0204058193088826237e-09 9.6850977266932491391e-09 -2.9358263588343028581e-08 -5.2989552674329099569e-08 1.9300197537807602665e-08 4.1745640110082466252e-08 1.1702768485830918517e-08 -6.9732557363019856901e-10   0   0   0   0   0   0   0   0   0   0   0   0
	 -3.0313890367796410328e-08 -1.1008075562912425152e-08 -8.8399851638251699994e-08 4.0631519603955296647e-09 -3.3506544826444736562e-08 8.8023567382034999308e-10 -1.7309309078587719075e-08 7.1487822701869870918e-08 -5.4791794539651135155e-08 2.3562729969139151726e-09 -3.7022497267049717183e-08 2.6687508161793793969e-08   0   0   0   0   0   0   0   0   0   0   0   0
	 1.4826524730476673971e-08 -2.1385809982471347367e-08 4.0631519603955296647e-09 3.939442175513683447e-08 2.1517783702554174965e-08 -2.9352101722422052054e-08 4.6060336548038375017e-08 1.1211785683395718607e-07 -2.9381369073741049263e-08 -1.36545944401228356e-07 -1.8993751598537274792e-08 -4.6427210828821398283e-08   0   0   0   0   0   0   0   0   0   0   0   0
	 -2.9133244940218818923e-08 -6.0204058193088826237e-09 -3.3506544826444736562e-08 2.1517783702554174965e-08 -7.479527927688152653e-08 3.0209278045393506784e-08 -7.9134435230605899884e-08 -4.1168488431681069036e-08 5.3274025482528526992e-08 5.7754433609769269172e-08 6.7089361913945433616e-09 -1.5784156305736033781e-08   0   0   0   0   0   0   0   0   0   0   0   0
	 -7.7913572906663088636e-09 9.6850977266932491391e-09 8.8023567382034999308e-10 -2.9352101722422052054e-08 3.0209278045393506784e-08 -2.1360876496142089681e-08 2.5940449379883589868e-08 9.6340737766709664306e-09 -2.9642119660366443424e-08 3.6725589279195974696e-08 1.8099469611654019882e-09 1.4706719784004733012e-08   0   0   0   0   0   0   0   0   0   0   0   0
	 -1.2425769412426650804e-08 -2.9358263588343028581e-08 -1.7309309078587719075e-08 4.6060336548038375017e-08 -7.9134435230605899884e-08 2.5940449379883589868e-08 -1.5120950390959793655e-08 1.3933237702781273472e-07 -8.5772185873728505573e-08 -2.4250947736833484575e-07 1.643534039677074702e-08 1.5915552246402101912e-07   0   0   0   0   0   0   0   0   0   0   0   0
	 2.2554742403322287958e-08 -5.2989552674329099569e-08 7.1487822701869870918e-08 1.1211785683395718607e-07 -4.1168488431681069036e-08 9.6340737766709664306e-09 1.3933237702781273472e-07 -2.5235513135312262024e-07 3.4740463299299109198e-08 -5.343291650595758864e-07 -2.7576333784555668527e-07 3.2214742615419413201e-07   0   0   0   0   0   0   0   0   0   0   0   0
	 -1.8090895022820228246e-08 1.9300197537807602665e-08 -5.4791794539651135155e-08 -2.9381369073741049263e-08 5.3274025482528526992e-08 -2.9642119660366443424e-08 -8.5772185873728505573e-08 3.4740463299299109198e-08 1.5583294199638821633e-07 4.8190130741881742302e-07 7.32394940336355495e-08 -5.8792841350273614135e-07   0   0   0   0   0   0   0   0   0   0   0   0
	 -9.3810447088750746854e-09 4.1745640110082466252e-08 2.3562729969139151726e-09 -1.36545944401228356e-07 5.7754433609769269172e-08 3.6725589279195974696e-08 -2.4250947736833484575e-07 -5.343291650595758864e-07 4.8190130741881742302e-07 6.4400979551302642076e-07 2.9591574870990561877e-07 -3.4800128349375703947e-07   0   0   0   0   0   0   0   0   0   0   0   0
	 -1.2595501455012603495e-08 1.1702768485830918517e-08 -3.7022497267049717183e-08 -1.8993751598537274792e-08 6.7089361913945433616e-09 1.8099469611654019882e-09 1.643534039677074702e-08 -2.7576333784555668527e-07 7.32394940336355495e-08 2.9591574870990561877e-07 -1.0286503636214403689e-06 1.5595711167582064616e-07   0   0   0   0   0   0   0   0   0   0   0   0
	 -7.0682386219096387164e-09 -6.9732557363019856901e-10 2.6687508161793793969e-08 -4.6427210828821398283e-08 -1.5784156305736033781e-08 1.4706719784004733012e-08 1.5915552246402101912e-07 3.2214742615419413201e-07 -5.8792841350273614135e-07 -3.4800128349375703947e-07 1.5595711167582064616e-07 1.3475449211627906453e-06   0   0   0   0   0   0   0   0   0   0   0   0
	   0   0   0   0   0   0   0   0   0   0   0   0   0   0   0   0   0   0   0   0   0   0   0   0
	   0   0   0   0   0   0   0   0   0   0   0   0   0   0   0   0   0   0   0   0   0   0   0   0
	   0   0   0   0   0   0   0   0   0   0   0   0   0   0   0   0   0   0   0   0   0   0   0   0
	   0   0   0   0   0   0   0   0   0   0   0   0   0   0   0   0   0   0   0   0   0   0   0   0
	   0   0   0   0   0   0   0   0   0   0   0   0   0   0   0   0   0   0   0   0   0   0   0   0
	   0   0   0   0   0   0   0   0   0   0   0   0   0   0   0   0   0   0   0   0   0   0   0   0
	   0   0   0   0   0   0   0   0   0   0   0   0   0   0   0   0   0   0   0   0   0   0   0   0
	   0   0   0   0   0   0   0   0   0   0   0   0   0   0   0   0   0   0   0   0   0   0   0   0
	   0   0   0   0   0   0   0   0   0   0   0   0   0   0   0   0   0   0   0   0   0   0   0   0
	   0   0   0   0   0   0   0   0   0   0   0   0   0   0   0   0   0   0   0   0   0   0   0   0
	   0   0   0   0   0   0   0   0   0   0   0   0   0   0   0   0   0   0   0   0   0   0   0   0
	   0   0   0   0   0   0   0   0   0   0   0   0   0   0   0   0   0   0   0   0   0   0   0   0
	
24 24	
	 -1.1247824910473626156e-06 -1.9554143527443899932e-07 1.5001112439650973358e-07 4.2398213901822143796e-09 8.5653689439340641255e-08 4.1243231034142242062e-08 6.4037776188178562238e-08 -1.2596877319175949943e-08 4.6907214185835871917e-08 -9.0653993164981590154e-09 2.273004658053926982e-08 1.2430107539629722526e-08   0   0   0   0   0   0   0   0   0   0   0   0
	 -1.9554143527443899932e-07 -9.6541254539859240443e-08 6.6629159065839330421e-10 -2.359812750778176768e-09 -1.8035509915612466066e-08 -1.3486886978912893734e-08 -3.9049889718279090299e-09 3.0731654211401124633e-09 -2.1017639407152459565e-08 2.6780548241538424564e-08 -2.8100140622855080871e-09 2.4666236048273059254e-09   0   0   0   0   0   0   0   0   0   0   0   0
	 1.5001112439650973358e-07 6.6629159065839330421e-10 -1.196442742541846585e-07 -1.3738283898839136221e-08 -6.4197606542324891874e-08 -3.7697602522723616074e-08 -6.8025937081591758471e-08 7.5084029369382159746e-08 -2.6016369662094378833e-08 -2.4411091199998410458e-08 -4.3635829838750033279e-08 -2.5131355899561363793e-08   0   0   0   0   0   0   0   0   0   0   0   0
	 4.2398213901822143796e-09 -2.359812750778176768e-09 -1.3738283898839136221e-08 -5.1633973326860881269e-08 1.9230584608085467363e-08 -2.5929725482243583571e-08 -2.8270581362065177226e-08 8.3639438290189268487e-09 5.4042950001581508321e-09 -3.9265132457718569118e-08 1.6288722377432413831e-08 -2.4268833449785470192e-08   0   0   0   0   0   0   0   0   0   0   0   0
	 8.5653689439340641255e-08 -1.8035509915612466066e-08 -6.4197606542324891874e-08 1.9230584608085467363e-08 -9.6932054417021366793e-08 2.4062162822690642463e-08 -4.5184763199295283051e-08 -3.9269521436575924803e-08 -1.4608877498047272394e-08 2.7506221716495534328e-08 -2.8046934726071829934e-08 7.3801529116707769699e-09   0   0   0   0   0   0   0   0   0   0   0   0
	 4.1243231034142242062e-08 -1.3486886978912893734e-08 -3.7697602522723616074e-08 -2.5929725482243583571e-08 2.4062162822690642463e-08 -3.2705856853698867187e-08 2.296669897469406662e-08 5.224788942823167452e-08 -4.6956617800963773406e-08 -1.0210597343475829084e-08 -1.1955091941887173564e-08 -2.4403648028715192782e-08   0   0   0   0   0   0   0   0   0   0   0   0
	 6.4037776188178562238e-08 -3.9049889718279090299e-09 -6.8025937081591758471e-08 -2.8270581362065177226e-08 -4.5184763199295283051e-08 2.296669897469406662e-08 -1.4021685672766911521e-07 -2.7817048576011632349e-08 1.3598801303527824132e-07 -1.3064367780260234489e-07 5.437418031113362997e-08 -1.041059597567343674e-07   0   0   0   0   0   0   0   0   0   0   0   0
	 -1.2596877319175949943e-08 3.0731654211401124633e-09 7.5084029369382159746e-08 8.3639438290189268487e-09 -3.9269521436575924803e-08 5.224788942823167452e-08 -2.7817048576011632349e-08 -5.7220986935798409004e-07 2.996942451336714858e-07 -6.1446862376390481978e-08 -2.6499920860533351477e-07 -1.7682299661124678778e-08   0   0   0   0   0   0   0   0   0   0   0   0
	 4.6907214185835871917e-08 -2.1017639407152459565e-08 -2.6016369662094378833e-08 5.4042950001581508321e-09 -1.4608877498047272394e-08 -4.6956617800963773406e-08 1.3598801303527824132e-07 2.996942451336714858e-07 -3.6256820067366497534e-07 2.3799379486827563427e-07 5.4116553247685788353e-08 1.847311490300431199e-07   0   0   0   0   0   0   0   0   0   0   0   0
	 -9.0653993164981590154e-09 2.6780548241538424564e-08 -2.4411091199998410458e-08 -3.9265132457718569118e-08 2.7506221716495534328e-08 -1.0210597343475829084e-08 -1.3064367780260234489e-07 -6.1446862376390481978e-08 2.3799379486827563427e-07 -8.1119846108342997954e-07 -7.8195413700719184831e-08 1.0073935952273483423e-07   0   0   0   0   0   0   0   0   0   0   0   0
	 2.273004658053926982e-08 -2.8100140622855080871e-09 -4.3635829838750033279e-08 1.6288722377432413831e-08 -2.8046934726071829934e-08 -1.1955091941887173564e-08 5.437418031113362997e-08 -2.6499920860533351477e-07 5.4116553247685788353e-08 -7.8195413700719184831e-08 -9.2570652637605556977e-07 1.3371545308643392074e-07   0   0   0   0   0   0   0   0   0   0   0   0
	 1.2430107539629722526e-08 2.4666236048273059254e-09 -2.5131355899561363793e-08 -2.4268833449785470192e-08 7.3801529116707769699e-09 -2.4403648028715192782e-08 -1.041059597567343674e-07 -1.7682299661124678778e-08 1.847311490300431199e-07 1.0073935952273483423e-07 1.3371545308643392074e-07 -4.8343929491329805501e-07   0   0   0   0   0   0   0   0   0   0   0   0
	   0   0   0   0   0   0   0   0   0   0   0   0   0   0   0   0   0   0   0   0   0   0   0   0
	   0   0   0   0   0   0   0   0   0   0   0   0   0   0   0   0   0   0   0   0   0   0   0   0
	   0   0   0   0   0   0   0   0   0   0   0   0   0   0   0   0   0   0   0   0   0   0   0   0
	   0   0   0   0   0   0   0   0   0   0   0   0   0   0   0   0   0   0   0   0   0   0   0   0
	   0   0   0   0   0   0   0   0   0   0   0   0   0   0   0   0   0   0   0   0   0   0   0   0
	   0   0   0   0   0   0   0   0   0   0   0   0   0   0   0   0   0   0   0   0   0   0   0   0
	   0   0   0   0   0   0   0   0   0   0   0   0   0   0   0   0   0   0   0   0   0   0   0   0
	   0   0   0   0   0   0   0   0   0   0   0   0   0   0   0   0   0   0   0   0   0   0   0   0
	   0   0   0   0   0   0   0   0   0   0   0   0   0   0   0   0   0   0   0   0   0   0   0   0
	   0   0   0   0   0   0   0   0   0   0   0   0   0   0   0   0   0   0   0   0   0   0   0   0
	   0   0   0   0   0   0   0   0   0   0   0   0   0   0   0   0   0   0   0   0   0   0   0   0
	   0   0   0   0   0   0   0   0   0   0   0   0   0   0   0   0   0   0   0   0   0   0   0   0
	
24 24	
	 2.0540603850997250979e-08 -7.8681891163733441754e-10 2.9754956898991513223e-09 6.1010739970486261278e-09 -1.0787342949359769035e-08 7.4351934356466425959e-09 -1.2400245392182917229e-08 -1.9121373582044471114e-09 1.0493654107805000098e-08 -7.7976096617883397268e-09 -7.4289131696056029717e-10 -6.099839456799195641e-09   0   0   0   0   0   0   0   0   0   0   0   0
	 -7.8681891163733441754e-10 -5.3549177612295343953e-09 -2.5545705352962329446e-08 1.1004935454260870248e-08 -2.5787855355154576069e-09 -1.3671610739906671787e-08 2.5470382133933036672e-08 5.697439627937533348e-08 -5.8257662266491596141e-08 2.9736956457992467604e-08 -2.1498541109084097922e-08 1.6735890479321419346e-08   0   0   0   0   0   0   0   0   0   0   0   0
	 2.9754956898991513223e-09 -2.5545705352962329446e-08 -7.0106508615617334638e-08 3.1621859716711185949e-08 -1.0770149356683551474e-07 4.5022020902944352162e-08 -1.2303460491286869796e-07 9.3735098757133528976e-09 7.1643678897003364246e-08 -5.7203553116445755517e-08 4.0851079225922091825e-08 -3.3266406518097779179e-08   0   0   0   0   0   0   0   0   0   0   0   0
	 6.1010739970486261278e-09 1.1004935454260870248e-08 3.1621859716711185949e-08 -3.4640335545603933497e-08 1.8636203019110374314e-08 2.0264839049285015477e-09 -2.5469483275590583209e-08 -7.2518230144089147008e-08 6.5672334262538101514e-08 -5.1769477089333787338e-08 3.11060616373998271e-08 -2.3885327362082722592e-08   0   0   0   0   0   0   0   0   0   0   0   0
	 -1.0787342949359769035e-08 -2.5787855355154576069e-09 -1.0770149356683551474e-07 1.8636203019110374314e-08 -2.7457014913507954109e-08 -2.2556199857335164993e-08 3.0660699980889874e-08 1.8167523549527559221e-07 -1.5154799704118998525e-07 1.1841167984189212104e-07 -1.8482947362118629147e-07 2.5367279184888307965e-08   0   0   0   0   0   0   0   0   0   0   0   0
	 7.4351934356466425959e-09 -1.3671610739906671787e-08 4.5022020902944352162e-08 2.0264839049285015477e-09 -2.2556199857335164993e-08 2.8364126597312575287e-08 -5.0218669173169485274e-08 -9.6844386669429713409e-08 9.3459944027077234368e-08 -8.6092535423141313524e-08 1.4936050025534263074e-07 -1.9385857547580737354e-08   0   0   0   0   0   0   0   0   0   0   0   0
	 -1.2400245392182917229e-08 2.5470382133933036672e-08 -1.2303460491286869796e-07 -2.5469483275590583209e-08 3.0660699980889874e-08 -5.0218669173169485274e-08 1.4733295797281411659e-08 5.4225333969759174888e-08 -2.4790068252808488334e-08 4.5160359350364889182e-08 -3.8033478764926633712e-07 -2.7226426687258778642e-08   0   0   0   0   0   0   0   0   0   0   0   0
	 -1.9121373582044471114e-09 5.697439627937533348e-08 9.3735098757133528976e-09 -7.2518230144089147008e-08 1.8167523549527559221e-07 -9.6844386669429713409e-08 5.4225333969759174888e-08 4.986268237052457483e-07 -1.9893619981473376382e-07 2.8310215681136478648e-07 3.7564574321988363362e-07 -2.6151641787944667588e-07   0   0   0   0   0   0   0   0   0   0   0   0
	 1.0493654107805000098e-08 -5.8257662266491596141e-08 7.1643678897003364246e-08 6.5672334262538101514e-08 -1.5154799704118998525e-07 9.3459944027077234368e-08 -2.4790068252808488334e-08 -1.9893619981473376382e-07 8.5044507398535893627e-09 -8.4087135352404263106e-08 1.5693225695167965341e-07 2.0432342825358950161e-07   0   0   0   0   0   0   0   0   0   0   0   0
	 -7.7976096617883397268e-09 2.9736956457992467604e-08 -5.7203553116445755517e-08 -5.1769477089333787338e-08 1.1841167984189212104e-07 -8.6092535423141313524e-08 4.5160359350364889182e-08 2.8310215681136478648e-07 -8.4087135352404263106e-08 -3.8796785694350317476e-07 -2.3061484665388751957e-07 6.4906566497211001001e-08   0   0   0   0   0   0   0   0   0   0   0   0
	 -7.4289131696056029717e-10 -2.1498541109084097922e-08 4.0851079225922091825e-08 3.11060616373998271e-08 -1.8482947362118629147e-07 1.4936050025534263074e-07 -3.8033478764926633712e-07 3.7564574321988363362e-07 1.5693225695167965341e-07 -2.3061484665388751957e-07 2.0209824457285376542e-06 -3.9968174249640335001e-07   0   0   0   0   0   0   0   0   0   0   0   0
	 -6.099839456799195641e-09 1.6735890479321419346e-08 -3.3266406518097779179e-08 -2.3885327362082722592e-08 2.5367279184888307965e-08 -1.9385857547580737354e-08 -2.7226426687258778642e-08 -2.6151641787944667588e-07 2.0432342825358950161e-07 6.4906566497211001001e-08 -3.9968174249640335001e-07 -2.6174161349334289312e-07   0   0   0   0   0   0   0   0   0   0   0   0
	   0   0   0   0   0   0   0   0   0   0   0   0   0   0   0   0   0   0   0   0   0   0   0   0
	   0   0   0   0   0   0   0   0   0   0   0   0   0   0   0   0   0   0   0   0   0   0   0   0
	   0   0   0   0   0   0   0   0   0   0   0   0   0   0   0   0   0   0   0   0   0   0   0   0
	   0   0   0   0   0   0   0   0   0   0   0   0   0   0   0   0   0   0   0   0   0   0   0   0
	   0   0   0   0   0   0   0   0   0   0   0   0   0   0   0   0   0   0   0   0   0   0   0   0
	   0   0   0   0   0   0   0   0   0   0   0   0   0   0   0   0   0   0   0   0   0   0   0   0
	   0   0   0   0   0   0   0   0   0   0   0   0   0   0   0   0   0   0   0   0   0   0   0   0
	   0   0   0   0   0   0   0   0   0   0   0   0   0   0   0   0   0   0   0   0   0   0   0   0
	   0   0   0   0   0   0   0   0   0   0   0   0   0   0   0   0   0   0   0   0   0   0   0   0
	   0   0   0   0   0   0   0   0   0   0   0   0   0   0   0   0   0   0   0   0   0   0   0   0
	   0   0   0   0   0   0   0   0   0   0   0   0   0   0   0   0   0   0   0   0   0   0   0   0
	   0   0   0   0   0   0   0   0   0   0   0   0   0   0   0   0   0   0   0   0   0   0   0   0
	
24 24	
	 1.6206390183601453032e-07 2.6674877528943292458e-08 -9.6307324715882892804e-09 1.2223440093173863386e-08 -1.6574857449466633523e-08 1.9719899056829745036e-11 -1.1278831926900830663e-08 7.142460891452018163e-09 2.2146324334505550792e-09 -1.3944712911024105907e-10 -6.4623616945993267474e-09 -1.5774118287939996999e-08   0   0   0   0   0   0   0   0   0   0   0   0
	 2.6674877528943292458e-08 1.7069632800476931231e-08 -1.1281402131081745983e-08 -9.7034633184381235792e-09 -9.6470577013839199729e-09 -1.0622739052555274827e-09 7.1128986330696978715e-09 1.6989235598269997859e-08 -5.0424490535411338582e-08 -1.8807530071926141329e-08 -4.8971923563535081582e-09 5.4521642524110849395e-08   0   0   0   0   0   0   0   0   0   0   0   0
