19
12 12	
	   0   0   0   0   0   0   0   0   0   0   0   0
	   0 4.1709733488104971772e-12 -6.4411246124113276923e-11 7.5112308429909249241e-11 7.9103314288238716886e-12 -9.9066219088407524367e-12 1.6552793157028051613e-11 6.0765957639603055366e-12 3.7882672446173067453e-12 7.6602190059535836649e-12 -1.4546132102824538194e-11 -4.3924133637357139127e-12
	   0 -6.4411246124113276923e-11 9.946859594404226548e-10 -1.1599396545197228495e-09 -1.2215717099479142136e-10 1.5298536064993019563e-10 -2.5562043794482793132e-10 -9.3839272663031223414e-11 -5.8501216255944721748e-11 -1.182947505283173118e-10 2.2463209823750313488e-10 6.7830886124798374884e-11
	   0 7.5112308429909249241e-11 -1.1599396545197228495e-09 1.3526480286142226552e-09 1.4245194211901635536e-10 -1.7840182089097230606e-10 2.9808833598566849871e-10 1.0942940581404489663e-10 6.8220406580467118744e-11 1.3794783243597925639e-10 -2.6195170038408946213e-10 -7.9100075627498632567e-11
	   0 7.9103314288238716886e-12 -1.2215717099479142136e-10 1.4245194211901635536e-10 1.500209617299295517e-11 -1.8788099583839203197e-11 3.1392691584141910969e-11 1.1524381105342683687e-11 7.1845219184605969109e-12 1.4527753137480799921e-11 -2.7587020179409804676e-11 -8.3302966895375694693e-12
	   0 -9.9066219088407524367e-12 1.5298536064993019563e-10 -1.7840182089097230606e-10 -1.8788099583839203197e-11 2.3529557596606515758e-11 -3.9315106961480117348e-11 -1.4432731089878031834e-11 -8.9976435099267211129e-12 -1.8194048986828265354e-11 3.4549017442410882313e-11 1.0432571686091573151e-11
	   0 1.6552793157028051613e-11 -2.5562043794482793132e-10 2.9808833598566849871e-10 3.1392691584141910969e-11 -3.9315106961480117348e-11 6.5690892361509960887e-11 2.4115386114470202124e-11 1.5033997793692915345e-11 3.0400103318679933381e-11 -5.7727320651347302746e-11 -1.7431593009702437773e-11
	   0 6.0765957639603055366e-12 -9.3839272663031223414e-11 1.0942940581404489663e-10 1.1524381105342683687e-11 -1.4432731089878031834e-11 2.4115386114470202124e-11 8.8528535165818707555e-12 5.5190399856959557083e-12 1.1159998031614925975e-11 -2.1191927477507170209e-11 -6.3992066617827146988e-12
	   0 3.7882672446173067453e-12 -5.8501216255944721748e-11 6.8220406580467118744e-11 7.1845219184605969109e-12 -8.9976435099267211129e-12 1.5033997793692915345e-11 5.5190399856959557083e-12 3.4406761963428035477e-12 6.9573584676096958586e-12 -1.3211457175444426125e-11 -3.9893891132967741729e-12
	   0 7.6602190059535836649e-12 -1.182947505283173118e-10 1.3794783243597925639e-10 1.4527753137480799921e-11 -1.8194048986828265354e-11 3.0400103318679933381e-11 1.1159998031614925975e-11 6.9573584676096958586e-12 1.4068408093872464069e-11 -2.6714761348100380864e-11 -8.0669056162403163516e-12
	   0 -1.4546132102824538194e-11 2.2463209823750313488e-10 -2.6195170038408946213e-10 -2.7587020179409804676e-11 3.4549017442410882313e-11 -5.7727320651347302746e-11 -2.1191927477507170209e-11 -1.3211457175444426125e-11 -2.6714761348100380864e-11 5.0729156365635950976e-11 1.5318396861844291388e-11
	   0 -4.3924133637357139127e-12 6.7830886124798374884e-11 -7.9100075627498632567e-11 -8.3302966895375694693e-12 1.0432571686091573151e-11 -1.7431593009702437773e-11 -6.3992066617827146988e-12 -3.9893891132967741729e-12 -8.0669056162403163516e-12 1.5318396861844291388e-11 4.625609791852671635e-12
	
12 12	
	   0   0   0   0   0   0   0   0   0   0   0   0
	   0 9.4656028709645255077e-08 1.9332727218885555843e-06 -1.9401122610636144732e-06 7.1421913430914990734e-07 4.1811285660955684495e-07 1.6203689845303333275e-07 -1.8025003833525293556e-07 2.2111531016734103798e-07 4.2042881582822585403e-07 -7.4350776347986529101e-08 -1.2276011714469020742e-09
	   0 1.9332727218885555843e-06 8.4455903057049783655e-05 -8.3301565249085975638e-05 1.2942564750978738738e-05 5.7239360540833532045e-06 2.4361902800513335473e-06 -9.5810455300974621843e-06 6.0453806189863592378e-06 5.0906457137451900796e-06 -1.9412569365730965724e-06 6.7474649332653285625e-07
	   0 -1.9401122610636144732e-06 -8.3301565249085975638e-05 8.340921687025436705e-05 -1.4528028625749122332e-05 -6.9808389139986579404e-06 -3.1390311377442748408e-06 9.4803942200608640824e-06 -6.6809486938501180361e-06 -6.5987485471057927752e-06 2.3186583274738180058e-06 -1.4159580110089095353e-07
	   0 7.1421913430914990734e-07 1.2942564750978738738e-05 -1.4528028625749122332e-05 7.2598090534934374041e-06 4.6827112762303005334e-06 2.0601266954289221723e-06 -1.1829192142668348219e-06 2.4245102567776480037e-06 4.9647105957657758916e-06 -1.002692444629483823e-06 -6.8531119545044691408e-07
	   0 4.1811285660955684495e-07 5.7239360540833532045e-06 -6.9808389139986579404e-06 4.6827112762303005334e-06 3.3480135800877251811e-06 1.3291926443636065895e-06 -2.8550429080894797017e-07 1.5833919305707580164e-06 3.3488893087276644027e-06 -6.389456305622985511e-07 -7.6063388169772872478e-07
	   0 1.6203689845303333275e-07 2.4361902800513335473e-06 -3.1390311377442748408e-06 2.0601266954289221723e-06 1.3291926443636065895e-06 7.0554816504791747657e-07 -2.605129727912078934e-07 6.8063361471918958421e-07 1.5361928912746323793e-06 -3.111090367498923319e-07 -2.3868563601540289754e-07
	   0 -1.8025003833525293556e-07 -9.5810455300974621843e-06 9.4803942200608640824e-06 -1.1829192142668348219e-06 -2.8550429080894797017e-07 -2.605129727912078934e-07 1.2855156564100419308e-06 -6.2193165903516996661e-07 -4.6167435092908977462e-07 2.6387058726710697434e-07 -2.1027039033763996029e-07
	   0 2.2111531016734103798e-07 6.0453806189863592378e-06 -6.6809486938501180361e-06 2.4245102567776480037e-06 1.5833919305707580164e-06 6.8063361471918958421e-07 -6.2193165903516996661e-07 1.0284417978314133124e-06 1.7118697800063226095e-06 -4.5108203142150619525e-07 -4.1658380344748831995e-07
	   0 4.2042881582822585403e-07 5.0906457137451900796e-06 -6.5987485471057927752e-06 4.9647105957657758916e-06 3.3488893087276644027e-06 1.5361928912746323793e-06 -4.6167435092908977462e-07 1.7118697800063226095e-06 3.8467467929647648772e-06 -8.171757762571896887e-07 -7.485444100653949281e-07
	   0 -7.4350776347986529101e-08 -1.9412569365730965724e-06 2.3186583274738180058e-06 -1.002692444629483823e-06 -6.389456305622985511e-07 -3.111090367498923319e-07 2.6387058726710697434e-07 -4.5108203142150619525e-07 -8.171757762571896887e-07 2.4477512904676972942e-07 1.9963946814766588293e-07
	   0 -1.2276011714469020742e-09 6.7474649332653285625e-07 -1.4159580110089095353e-07 -6.8531119545044691408e-07 -7.6063388169772872478e-07 -2.3868563601540289754e-07 -2.1027039033763996029e-07 -4.1658380344748831995e-07 -7.485444100653949281e-07 1.9963946814766588293e-07 5.4025143818146056852e-07
	
12 12	
	   0   0   0   0   0   0   0   0   0   0   0   0
	   0 1.5425220746152872514e-07 -2.1246710060120880362e-07 -1.8491102466180355895e-07 7.1650343738680317126e-08 3.4010885755368693765e-07 -2.3597967250214799875e-07 -1.0602567808668529477e-07 -5.5727760610183434661e-08 -2.1764911231372364107e-07 -1.4561916375500920091e-08 1.5321996204056727916e-07
	   0 -2.1246710060120880362e-07 1.9614108826561886507e-06 1.3532158635742030178e-07 3.5191555700264334551e-07 1.0286530637062345613e-06 -1.4507391430986837264e-06 1.4966586151052818689e-06 -2.9725165832807875415e-07 -1.0418377280259690583e-07 2.7693558966554700994e-07 -6.1059449213378203086e-07
	   0 -1.8491102466180355895e-07 1.3532158635742030178e-07 2.6140399580554406159e-06 -1.2036447815231266239e-07 -7.638819606853700367e-07 3.378837345276115797e-07 1.1979871246356693142e-06 1.2538220211985534291e-07 -2.0667339181476941205e-07 6.5118610874506544012e-07 7.4711029756541470506e-07
	   0 7.1650343738680317126e-08 3.5191555700264334551e-07 -1.2036447815231266239e-07 8.5903466188446354848e-07 1.6869907893986342957e-06 -1.1828697796036247908e-06 8.1052769761663077703e-07 -6.8836215119951635933e-07 3.5505802934595181514e-07 3.8057741817299333861e-07 -4.1296296891743332949e-07
	   0 3.4010885755368693765e-07 1.0286530637062345613e-06 -7.638819606853700367e-07 1.6869907893986342957e-06 3.9624362197900468469e-06 -2.925142334274110234e-06 1.7713645626236073404e-06 -1.3536661046654999427e-06 1.4145678362226836172e-07 8.9454104363288066446e-07 -8.4270219920992168898e-07
	   0 -2.3597967250214799875e-07 -1.4507391430986837264e-06 3.378837345276115797e-07 -1.1828697796036247908e-06 -2.925142334274110234e-06 3.1611582183395375636e-06 -1.3929214664945160251e-06 9.3488997561327725589e-07 4.6142230574652042652e-07 7.0640577896222021135e-08 8.7692446613745546872e-08
	   0 -1.0602567808668529477e-07 1.4966586151052818689e-06 1.1979871246356693142e-06 8.1052769761663077703e-07 1.7713645626236073404e-06 -1.3929214664945160251e-06 2.4067719098415060977e-06 -6.3224667431706927946e-07 5.5595367119692555255e-08 1.4246510268345541449e-06 -5.8470033140569503037e-07
	   0 -5.5727760610183434661e-08 -2.9725165832807875415e-07 1.2538220211985534291e-07 -6.8836215119951635933e-07 -1.3536661046654999427e-06 9.3488997561327725589e-07 -6.3224667431706927946e-07 5.7365260373256208006e-07 -3.3331505495114126507e-07 -2.179551497521056006e-07 3.5890526478791026077e-07
	   0 -2.1764911231372364107e-07 -1.0418377280259690583e-07 -2.0667339181476941205e-07 3.5505802934595181514e-07 1.4145678362226836172e-07 4.6142230574652042652e-07 5.5595367119692555255e-08 -3.3331505495114126507e-07 1.0919560713949429622e-06 1.1532126335878021237e-07 -7.5002635005975552207e-07
	   0 -1.4561916375500920091e-08 2.7693558966554700994e-07 6.5118610874506544012e-07 3.8057741817299333861e-07 8.9454104363288066446e-07 7.0640577896222021135e-08 1.4246510268345541449e-06 -2.179551497521056006e-07 1.1532126335878021237e-07 1.879373748196040922e-06 -6.2375858847379347231e-07
	   0 1.5321996204056727916e-07 -6.1059449213378203086e-07 7.4711029756541470506e-07 -4.1296296891743332949e-07 -8.4270219920992168898e-07 8.7692446613745546872e-08 -5.8470033140569503037e-07 3.5890526478791026077e-07 -7.5002635005975552207e-07 -6.2375858847379347231e-07 1.1696911762916410322e-06
	
12 12	
	   0   0   0   0   0   0   0   0   0   0   0   0
	   0 5.2234540394320601028e-08 -1.1873274539587951896e-07 6.3597383277023147773e-09 1.3070876639549234309e-07 3.8157657196646973629e-07 -2.5112731445020462581e-07 7.5027986389875995067e-08 1.6848968725219167031e-07 -1.9383715700463666263e-07 -9.6179962561676347974e-08 -1.4899368817329303842e-07
	   0 -1.1873274539587951896e-07 2.0964404191073903662e-06 2.1113245781910910755e-08 1.9111973561547213198e-06 7.4785378891889304493e-07 -7.428359780077896011e-07 5.2351872565953976842e-07 5.3332679504029986154e-07 1.0780436361692913845e-06 -1.2446717432858687599e-06 4.1942869205757045805e-07
	   0 6.3597383277023147773e-09 2.1113245781910910755e-08 5.4088009965577925897e-07 9.0810380369169800036e-08 -2.3719858133631207004e-07 7.6055247461151791664e-07 4.6926464426839728449e-07 -3.2376895834876134144e-07 2.1116816242627537315e-07 3.9357259575611003497e-07 1.6706712426281459979e-07
	   0 1.3070876639549234309e-07 1.9111973561547213198e-06 9.0810380369169800036e-08 3.1914845907784009003e-06 3.0039126904188885242e-06 -2.4784721215010022558e-06 1.087319949426150321e-06 1.3207242450900519672e-06 4.698097938172409321e-07 -1.982025804428334655e-06 -1.8523919649779557693e-07
	   0 3.8157657196646973629e-07 7.4785378891889304493e-07 -2.3719858133631207004e-07 3.0039126904188885242e-06 4.5175796976164181657e-06 -3.794306151228987106e-06 9.6783983254707310579e-07 2.1117392226953939515e-06 -1.1252119823360826542e-06 -2.1642255817717667727e-06 -8.985993521489809639e-07
	   0 -2.5112731445020462581e-07 -7.428359780077896011e-07 7.6055247461151791664e-07 -2.4784721215010022558e-06 -3.794306151228987106e-06 4.3887697711873661767e-06 -2.627093419050709496e-07 -1.8211103683205699334e-06 1.1921085013516307072e-06 1.977858656129566076e-06 4.1240646251117877424e-07
	   0 7.5027986389875995067e-08 5.2351872565953976842e-07 4.6926464426839728449e-07 1.087319949426150321e-06 9.6783983254707310579e-07 -2.627093419050709496e-07 8.7924747057122167791e-07 7.348445701597900014e-08 -7.0949207808211566502e-08 -2.1826840231455617544e-07 2.3319134831569656966e-07
	   0 1.6848968725219167031e-07 5.3332679504029986154e-07 -3.2376895834876134144e-07 1.3207242450900519672e-06 2.1117392226953939515e-06 -1.8211103683205699334e-06 7.348445701597900014e-08 1.7233003051001966132e-06 -4.4536446719009930343e-07 -1.452409699120603291e-06 -8.9101689263769870286e-07
	   0 -1.9383715700463666263e-07 1.0780436361692913845e-06 2.1116816242627537315e-07 4.698097938172409321e-07 -1.1252119823360826542e-06 1.1921085013516307072e-06 -7.0949207808211566502e-08 -4.4536446719009930343e-07 2.4088124591448330067e-06 -4.0083157584702894276e-07 -1.7765942834326069115e-07
	   0 -9.6179962561676347974e-08 -1.2446717432858687599e-06 3.9357259575611003497e-07 -1.982025804428334655e-06 -2.1642255817717667727e-06 1.977858656129566076e-06 -2.1826840231455617544e-07 -1.452409699120603291e-06 -4.0083157584702894276e-07 1.8583630201355201585e-06 6.9841404470140677846e-07
	   0 -1.4899368817329303842e-07 4.1942869205757045805e-07 1.6706712426281459979e-07 -1.8523919649779557693e-07 -8.985993521489809639e-07 4.1240646251117877424e-07 2.3319134831569656966e-07 -8.9101689263769870286e-07 -1.7765942834326069115e-07 6.9841404470140677846e-07 1.2466067380576407405e-06
	
12 12	
	   0   0   0   0   0   0   0   0   0   0   0   0
	   0 1.4619475054237819633e-05 -1.7085612255195072994e-05 1.478429054595220221e-05 -4.8533772885059655713e-06 3.4503795863878738048e-05 8.2675741231739802389e-06 3.47932928559316408e-05 -4.8374144090613546991e-05 1.8675394417621318072e-06 -6.0870218905461721739e-05 -4.2748699064816726451e-05
	   0 -1.7085612255195072994e-05 0.00037233825790711168107 -0.00036494579277152115575 0.00036165715265561388173 0.00019274044077466302629 0.00022915016826128293127 0.00019989281022337454714 -0.00037333611870245448673 0.00015448916375737393059 -0.00056969167390490322612 8.1713178811422613589e-05
	   0 1.478429054595220221e-05 -0.00036494579277152115575 0.00054889155710221031095 -0.0005501524431092385788 -0.00045077499210206128802 -0.00052383334708376919336 -0.00044331735092875294629 0.00095666595833933008256 -0.0001051665982605671601 0.0012491539546509919639 -0.00010648409489800302215
	   0 -4.8533772885059655713e-06 0.00036165715265561388173 -0.0005501524431092385788 0.00058655929063691964777 0.00054186367748913094339 0.0005850077044461531213 0.00054486241125827332855 -0.0010924265547147757067 0.0001321981636137408659 -0.0014644520698944031838 -3.4184959877220984659e-08
	   0 3.4503795863878738048e-05 0.00019274044077466302629 -0.00045077499210206128802 0.00054186367748913094339 0.00069758660653553830524 0.0006676331009468980263 0.00070498715179164535196 -0.0013489585598493406427 9.1422074899130862952e-05 -0.0017807547193241671322 -0.00019936163249341645114
	   0 8.2675741231739802389e-06 0.00022915016826128293127 -0.00052383334708376919336 0.0005850077044461531213 0.0006676331009468980263 0.00069950242157899693036 0.00066679657591160528766 -0.0013554380204766707484 6.9999770873706656615e-05 -0.0017594724808285696575 -7.9238656797721572804e-05
	   0 3.47932928559316408e-05 0.00019989281022337454714 -0.00044331735092875294629 0.00054486241125827332855 0.00070498715179164535196 0.00066679657591160528766 0.00071744465397284161619 -0.0013452629628693964746 0.00010678304130350224166 -0.001798036858508686919 -0.00023083012761666063094
	   0 -4.8374144090613546991e-05 -0.00037333611870245448673 0.00095666595833933008256 -0.0010924265547147757067 -0.0013489585598493406427 -0.0013554380204766707484 -0.0013452629628693964746 0.0027019607695765151395 -0.00012014694446745830024 0.003486912557337817388 0.00023853695803014912983
	   0 1.8675394417621318072e-06 0.00015448916375737393059 -0.0001051665982605671601 0.0001321981636137408659 9.1422074899130862952e-05 6.9999770873706656615e-05 0.00010678304130350224166 -0.00012014694446745830024 0.00010025184974350686803 -0.00024371252252493373581 -6.3163039229281015647e-05
	   0 -6.0870218905461721739e-05 -0.00056969167390490322612 0.0012491539546509919639 -0.0014644520698944031838 -0.0017807547193241671322 -0.0017594724808285696575 -0.001798036858508686919 0.003486912557337817388 -0.00024371252252493373581 0.0046058618910403041971 0.00042024913069530460278
	   0 -4.2748699064816726451e-05 8.1713178811422613589e-05 -0.00010648409489800302215 -3.4184959877220984659e-08 -0.00019936163249341645114 -7.9238656797721572804e-05 -0.00023083012761666063094 0.00023853695803014912983 -6.3163039229281015647e-05 0.00042024913069530460278 0.00035346063846092317566
	
12 12	
	   0   0   0   0   0   0   0   0   0   0   0   0
	   0 2.285635227255692441e-08 -3.1133037284509471948e-07 7.2494497601898277903e-07 -3.2668180632007569605e-07 -3.6305243207366131313e-07 1.2218680070136532631e-07 -3.517391818353897833e-08 6.8779680940477531043e-08 6.7346028368225705141e-08 -1.3766041607593730123e-07 1.6949230374146641104e-08
	   0 -3.1133037284509471948e-07 9.7107080460656346887e-06 -1.8479087044809881064e-05 8.5940727729015195367e-06 7.9003499903554013164e-06 -2.1837137826167786528e-06 1.3054440480873430085e-06 -2.4026266384238476059e-06 -1.9214828909338759788e-06 4.4997754881370369222e-06 -1.9755394117304052994e-06
	   0 7.2494497601898277903e-07 -1.8479087044809881064e-05 3.654145989615337404e-05 -1.6867750616835241507e-05 -1.6182774514075936472e-05 4.6749805867687033758e-06 -2.39423328994673194e-06 4.4691672208366945031e-06 3.6751312356596443654e-06 -8.4662896953673142915e-06 3.1885190646483374004e-06
	   0 -3.2668180632007569605e-07 8.5940727729015195367e-06 -1.6867750616835241507e-05 7.8410307635252111139e-06 7.415517988459302781e-06 -2.182478051337997026e-06 1.1660579268342535439e-06 -2.1271535633396296592e-06 -1.797681024833815577e-06 4.0105325296414577553e-06 -1.7068393394580995457e-06
	   0 -3.6305243207366131313e-07 7.9003499903554013164e-06 -1.6182774514075936472e-05 7.415517988459302781e-06 7.4071122631595241517e-06 -2.2098910125428458558e-06 9.7827202178309705752e-07 -1.8517432658244816697e-06 -1.5559602679552759032e-06 3.5567416140544529384e-06 -1.0818936863997378622e-06
	   0 1.2218680070136532631e-07 -2.1837137826167786528e-06 4.6749805867687033758e-06 -2.182478051337997026e-06 -2.2098910125428458558e-06 8.4009851434411975567e-07 -2.8361186761452968842e-07 5.2079934071570079936e-07 6.096527454109642539e-07 -9.9366126242056540141e-07 4.3279062593521706129e-07
	   0 -3.517391818353897833e-08 1.3054440480873430085e-06 -2.39423328994673194e-06 1.1660579268342535439e-06 9.7827202178309705752e-07 -2.8361186761452968842e-07 2.4091721537233410907e-07 -3.8172411769516016315e-07 -3.270400104668943333e-07 7.0233338158970984249e-07 -4.9056316174086858902e-07
	   0 6.8779680940477531043e-08 -2.4026266384238476059e-06 4.4691672208366945031e-06 -2.1271535633396296592e-06 -1.8517432658244816697e-06 5.2079934071570079936e-07 -3.8172411769516016315e-07 6.5592245290028841058e-07 5.4338463859390670854e-07 -1.2101808688713477955e-06 7.0092587554404193892e-07
	   0 6.7346028368225705141e-08 -1.9214828909338759788e-06 3.6751312356596443654e-06 -1.797681024833815577e-06 -1.5559602679552759032e-06 6.096527454109642539e-07 -3.270400104668943333e-07 5.4338463859390670854e-07 6.1816205297137500506e-07 -9.8868126609923093831e-07 7.4804241102944781946e-07
	   0 -1.3766041607593730123e-07 4.4997754881370369222e-06 -8.4662896953673142915e-06 4.0105325296414577553e-06 3.5567416140544529384e-06 -9.9366126242056540141e-07 7.0233338158970984249e-07 -1.2101808688713477955e-06 -9.8868126609923093831e-07 2.2455183520849650383e-06 -1.2318204555968973262e-06
	   0 1.6949230374146641104e-08 -1.9755394117304052994e-06 3.1885190646483374004e-06 -1.7068393394580995457e-06 -1.0818936863997378622e-06 4.3279062593521706129e-07 -4.9056316174086858902e-07 7.0092587554404193892e-07 7.4804241102944781946e-07 -1.2318204555968973262e-06 1.3813861669234853196e-06
	
12 12	
	   0   0   0   0   0   0   0   0   0   0   0   0
	   0 1.1441069929473854534e-07 -8.9292936504819060473e-08 -7.6009475887628197446e-08 1.1797800117682380849e-07 4.1903792361597809074e-07 -1.7901170212700061893e-07 -4.0542098833478386694e-09 4.2956442043771241086e-07 -1.1161562683200256425e-07 -3.2338794453430382277e-07 -2.2913420290959375231e-07
	   0 -8.9292936504819060473e-08 3.5362439188986375669e-06 -1.05166269166853145e-06 3.3147738026474284187e-06 4.0896283782176163292e-06 -2.6445540966551401564e-06 2.6427588058137130945e-06 4.7628524698684965692e-07 -7.3993302831380602143e-08 -1.9888026160443164275e-06 -1.4285674988188077082e-06
	   0 -7.6009475887628197446e-08 -1.05166269166853145e-06 1.5231524237612179005e-06 -1.2328105825059761166e-06 -3.0128856228888354283e-06 1.8946035320048151033e-06 -8.4589964340921442781e-07 -6.0970481725376118827e-07 2.400454756320468588e-07 1.5684890346148018459e-06 1.9795438264626720654e-06
	   0 1.1797800117682380849e-07 3.3147738026474284187e-06 -1.2328105825059761166e-06 4.5964464256703443132e-06 6.0221547146919500722e-06 -3.0440959978837374116e-06 3.0844540134160217281e-06 1.0894608316984523698e-06 7.4376194683346941111e-07 -2.4093503447031068447e-06 -2.4196894218429984773e-06
	   0 4.1903792361597809074e-07 4.0896283782176163292e-06 -3.0128856228888354283e-06 6.0221547146919500722e-06 9.955629784777112563e-06 -5.2658766688439195895e-06 3.8953843827005143512e-06 2.5536013768147765676e-06 3.1187309178292784148e-07 -4.5574716489339322297e-06 -5.0078233962319255578e-06
	   0 -1.7901170212700061893e-07 -2.6445540966551401564e-06 1.8946035320048151033e-06 -3.0440959978837374116e-06 -5.2658766688439195895e-06 3.8836166541557558355e-06 -1.8294932343297950685e-06 -9.5251080389510788892e-07 2.5756135142889276578e-07 3.5714710398187201313e-06 2.449809496960390059e-06
	   0 -4.0542098833478386694e-09 2.6427588058137130945e-06 -8.4589964340921442781e-07 3.0844540134160217281e-06 3.8953843827005143512e-06 -1.8294932343297950685e-06 2.3889199582727059497e-06 7.5885313943690118276e-07 3.3043903173601616877e-07 -1.2223835145823148817e-06 -1.6422515344824107646e-06
	   0 4.2956442043771241086e-07 4.7628524698684965692e-07 -6.0970481725376118827e-07 1.0894608316984523698e-06 2.5536013768147765676e-06 -9.5251080389510788892e-07 7.5885313943690118276e-07 2.1673359578269234077e-06 -5.4397950547714020614e-07 -1.217390843379035291e-06 -1.5973897237701704644e-06
	   0 -1.1161562683200256425e-07 -7.3993302831380602143e-08 2.400454756320468588e-07 7.4376194683346941111e-07 3.1187309178292784148e-07 2.5756135142889276578e-07 3.3043903173601616877e-07 -5.4397950547714020614e-07 1.196716000844136234e-06 6.754118518787803e-07 -2.5630933777042768516e-07
	   0 -3.2338794453430382277e-07 -1.9888026160443164275e-06 1.5684890346148018459e-06 -2.4093503447031068447e-06 -4.5574716489339322297e-06 3.5714710398187201313e-06 -1.2223835145823148817e-06 -1.217390843379035291e-06 6.754118518787803e-07 3.7692658822948116898e-06 1.8129108083825838896e-06
	   0 -2.2913420290959375231e-07 -1.4285674988188077082e-06 1.9795438264626720654e-06 -2.4196894218429984773e-06 -5.0078233962319255578e-06 2.449809496960390059e-06 -1.6422515344824107646e-06 -1.5973897237701704644e-06 -2.5630933777042768516e-07 1.8129108083825838896e-06 3.5358004656488051976e-06
	
12 12	
	   0   0   0   0   0   0   0   0   0   0   0   0
	   0 7.8493592077975090613e-08 -2.1682132022282848348e-07 4.9812263194020644358e-07 1.701484828059977189e-07 4.4958770350772018778e-08 3.9829407547728386228e-07 1.1489522744138000181e-07 -2.9869926732388388823e-07 2.7165609226023514699e-07 3.2088413887074777956e-07 3.5734022861741708752e-08
	   0 -2.1682132022282848348e-07 1.6440010556529092675e-06 -8.294912365537993873e-07 7.2214172868617715681e-07 2.0981170740478370033e-07 -1.2567678362777372149e-06 3.3069295108273258278e-07 1.303667776954432813e-06 -3.133066657395393477e-07 -1.3430833723889708003e-06 1.5106744471621784854e-07
	   0 4.9812263194020644358e-07 -8.294912365537993873e-07 3.5860112631098571457e-06 1.6355580791772206096e-06 3.5531998422401520348e-07 2.6733254018122787785e-06 1.2168362015950889983e-06 -1.5931541693009685185e-06 1.6935135186514891231e-06 1.9204580339579080687e-06 5.0919661829850546912e-07
	   0 1.701484828059977189e-07 7.2214172868617715681e-07 1.6355580791772206096e-06 1.8706440368980995081e-06 6.622729696947719827e-07 2.5737532499362853992e-07 9.1667206801465414592e-07 -1.6936968338898021606e-07 1.2665541390189634281e-06 1.0725090884507220737e-09 3.4160615469232753897e-07
	   0 4.4958770350772018778e-08 2.0981170740478370033e-07 3.5531998422401520348e-07 6.622729696947719827e-07 4.6153030801774061183e-07 -4.1453083382426263469e-07 2.9362555578880725267e-07 -4.3067124790723650376e-08 5.1902867612280058446e-07 -1.8929009074466565905e-07 -8.1399898728490304022e-08
	   0 3.9829407547728386228e-07 -1.2567678362777372149e-06 2.6733254018122787785e-06 2.5737532499362853992e-07 -4.1453083382426263469e-07 3.6366884614491072626e-06 7.6719456885793852609e-07 -1.4898294695425542224e-06 1.0874175802128875321e-06 2.0539615980546636717e-06 4.8338675995226892798e-08
	   0 1.1489522744138000181e-07 3.3069295108273258278e-07 1.2168362015950889983e-06 9.1667206801465414592e-07 2.9362555578880725267e-07 7.6719456885793852609e-07 9.5610638060314558668e-07 -1.3554072514414821673e-08 4.4757585195767162244e-07 2.67588662062471161e-07 9.4016269492700347293e-08
	   0 -2.9869926732388388823e-07 1.303667776954432813e-06 -1.5931541693009685185e-06 -1.6936968338898021606e-07 -4.3067124790723650376e-08 -1.4898294695425542224e-06 -1.3554072514414821673e-08 1.4665583772020215535e-06 -1.0789164614491583339e-06 -1.2855324686377015162e-06 -1.2153352204606349932e-08
	   0 2.7165609226023514699e-07 -3.133066657395393477e-07 1.6935135186514891231e-06 1.2665541390189634281e-06 5.1902867612280058446e-07 1.0874175802128875321e-06 4.4757585195767162244e-07 -1.0789164614491583339e-06 2.047096944166092347e-06 4.2868933344065636899e-07 -2.6244924222066116271e-07
	   0 3.2088413887074777956e-07 -1.3430833723889708003e-06 1.9204580339579080687e-06 1.0725090884507220737e-09 -1.8929009074466565905e-07 2.0539615980546636717e-06 2.67588662062471161e-07 -1.2855324686377015162e-06 4.2868933344065636899e-07 1.8433395474318485105e-06 2.5655517830703652007e-07
	   0 3.5734022861741708752e-08 1.5106744471621784854e-07 5.0919661829850546912e-07 3.4160615469232753897e-07 -8.1399898728490304022e-08 4.8338675995226892798e-08 9.4016269492700347293e-08 -1.2153352204606349932e-08 -2.6244924222066116271e-07 2.5655517830703652007e-07 6.7146848209878962723e-07
	
12 12	
	   0   0   0   0   0   0   0   0   0   0   0   0
	   0 1.2149223884724010308e-07 -1.5267441318529096898e-07 3.1667594841375156632e-08 -6.1770639915786100493e-08 2.5978627506634704454e-07 -1.3767573546161216393e-07 1.1102379512941282994e-07 1.8724692792363877475e-07 -3.4402784620449155351e-07 2.0639581858635590308e-07 -5.0747021388987077399e-08
	   0 -1.5267441318529096898e-07 1.4527659151797696237e-06 5.6510197700182945489e-07 1.2301598654285015127e-07 -1.9558302303800601347e-08 -6.8855534388040568869e-07 7.3676340808522540003e-07 -4.1002903031675390125e-07 1.1782728673796648891e-07 -5.1047012686636634006e-07 3.7555493435082405552e-07
	   0 3.1667594841375156632e-08 5.6510197700182945489e-07 1.5897263175864204596e-06 3.5944217140393840065e-07 8.4754006351958546286e-07 -1.5620701979461591327e-06 1.1610002758158918059e-06 3.6174794112200346471e-07 -7.751207777366485479e-07 -1.7273158936419338876e-07 2.8055392667575315271e-07
	   0 -6.1770639915786100493e-08 1.2301598654285015127e-07 3.5944217140393840065e-07 1.9744809758604908969e-07 3.0419453168876595069e-07 -4.6164768727219311954e-07 3.2903167931043469466e-07 -5.7289706567766003625e-09 -1.6883457133854307628e-07 -1.0641632681169875228e-07 1.2404776336086861718e-08
	   0 2.5978627506634704454e-07 -1.9558302303800601347e-08 8.4754006351958546286e-07 3.0419453168876595069e-07 2.3442614870490634272e-06 -1.4450485786214587189e-06 2.0683161690454630715e-06 5.0691924244088498235e-07 -2.6878654547520877208e-06 7.1711671300169517061e-07 -9.0607792177916649716e-08
	   0 -1.3767573546161216393e-07 -6.8855534388040568869e-07 -1.5620701979461591327e-06 -4.6164768727219311954e-07 -1.4450485786214587189e-06 2.6675862703937670308e-06 -1.225752706309123559e-06 -3.7431092190058170888e-07 8.7425891018102646342e-07 2.2444628483331921393e-07 -3.8804637379903556971e-08
	   0 1.1102379512941282994e-07 7.3676340808522540003e-07 1.1610002758158918059e-06 3.2903167931043469466e-07 2.0683161690454630715e-06 -1.225752706309123559e-06 2.5085058262998737578e-06 2.5371259117209013755e-07 -2.6420486649759261577e-06 4.7535589264654656533e-07 2.4625582387744288403e-07
	   0 1.8724692792363877475e-07 -4.1002903031675390125e-07 3.6174794112200346471e-07 -5.7289706567766003625e-09 5.0691924244088498235e-07 -3.7431092190058170888e-07 2.5371259117209013755e-07 4.4000600438153798803e-07 -6.301060932841742442e-07 3.3099492887611975142e-07 -6.7468349778839000755e-08
	   0 -3.4402784620449155351e-07 1.1782728673796648891e-07 -7.751207777366485479e-07 -1.6883457133854307628e-07 -2.6878654547520877208e-06 8.7425891018102646342e-07 -2.6420486649759261577e-06 -6.301060932841742442e-07 3.6385034222529095347e-06 -1.130362392080430609e-06 -2.5878349292389424542e-08
	   0 2.0639581858635590308e-07 -5.1047012686636634006e-07 -1.7273158936419338876e-07 -1.0641632681169875228e-07 7.1711671300169517061e-07 2.2444628483331921393e-07 4.7535589264654656533e-07 3.3099492887611975142e-07 -1.130362392080430609e-06 6.5890069443248785637e-07 -1.540778726084444097e-07
	   0 -5.0747021388987077399e-08 3.7555493435082405552e-07 2.8055392667575315271e-07 1.2404776336086861718e-08 -9.0607792177916649716e-08 -3.8804637379903556971e-08 2.4625582387744288403e-07 -6.7468349778839000755e-08 -2.5878349292389424542e-08 -1.540778726084444097e-07 2.0582731723180085533e-07
	
12 12	
	   0   0   0   0   0   0   0   0   0   0   0   0
	   0 4.6822307109100946886e-05 2.9455380865192281155e-05 9.0145937484365865218e-05 7.7681894173687896453e-05 0.00016484308018306609951 -0.00027744873687178658785 0.00013788304530829587351 -0.00064172288917076290415 0.00037453692640797465888 0.0021838944983675846398 0.00024248913096856463583
	   0 2.9455380865192281155e-05 2.1176869487724765028e-05 4.534129889622705577e-05 6.1348362209781071887e-05 0.00014422692981951924264 -0.00017252634864706767217 0.00012775291206938501633 -0.00056561267963758964702 0.00030146002341533789616 0.0014253239902869971941 0.0001116263602297932247
	   0 9.0145937484365865218e-05 4.534129889622705577e-05 0.00034105505971243350437 -5.7127730538377306433e-05 -0.00035706351760547065752 0.00015044800109483230741 -5.4907256376823269028e-05 5.0592412326089795157e-05 0.00033711799128133485351 0.0035332141053407823371 0.00075296801607077331123
	   0 7.7681894173687896453e-05 6.1348362209781071887e-05 -5.7127730538377306433e-05 0.00038769038115169776517 0.0011162062516834035143 -0.0013920259334815707642 0.0005934856590132143745 -0.00255820590962133965 0.0010518957970138225182 0.0044905441210396817089 8.223764675369327681e-05
	   0 0.00016484308018306609951 0.00014422692981951924264 -0.00035706351760547065752 0.0011162062516834035143 0.0033439049657169950605 -0.0041869779700081655172 0.0016067651550020207833 -0.0069847391238119184084 0.002674181594402085145 0.01071770588558064799 -0.00012558833495815056262
	   0 -0.00027744873687178658785 -0.00017252634864706767217 0.00015044800109483230741 -0.0013920259334815707642 -0.0041869779700081655172 0.0088500518696543236524 -0.00046883302695023033879 0.0046920986300349543444 -0.0019871269328378300678 -0.019030960008377447584 -0.0019468496414827380844
	   0 0.00013788304530829587351 0.00012775291206938501633 -5.4907256376823269028e-05 0.0005934856590132143745 0.0016067651550020207833 -0.00046883302695023033879 0.0016467643725405509223 -0.0060163816622834168091 0.0025292453249351823374 0.0064735114476881195841 -0.00046854035061689764015
	   0 -0.00064172288917076290415 -0.00056561267963758964702 5.0592412326089795157e-05 -0.00255820590962133965 -0.0069847391238119184084 0.0046920986300349543444 -0.0060163816622834168091 0.023577613432292001544 -0.010310584302029655868 -0.032679323118913729262 0.00061211189291868314723
	   0 0.00037453692640797465888 0.00030146002341533789616 0.00033711799128133485351 0.0010518957970138225182 0.002674181594402085145 -0.0019871269328378300678 0.0025292453249351823374 -0.010310584302029655868 0.0049592438563575442362 0.018359017800027434969 0.00053953782347457995578
	   0 0.0021838944983675846398 0.0014253239902869971941 0.0035332141053407823371 0.0044905441210396817089 0.01071770588558064799 -0.019030960008377447584 0.0064735114476881195841 -0.032679323118913729262 0.018359017800027434969 0.10864760438043316593 0.011327289341094165867
	   0 0.00024248913096856463583 0.0001116263602297932247 0.00075296801607077331123 8.223764675369327681e-05 -0.00012558833495815056262 -0.0019468496414827380844 -0.00046854035061689764015 0.00061211189291868314723 0.00053953782347457995578 0.011327289341094165867 0.0023953489332995997647
	
12 12	
	   0   0   0   0   0   0   0   0   0   0   0   0
	   0 1.9582514793362464777e-07 -4.242036922014876967e-07 5.7443593823772539129e-07 1.3507384575666422231e-07 2.6414440372457693629e-07 2.8650525171376186283e-08 -1.8475768711285890342e-07 1.4934973812960096414e-08 6.6048345540335865959e-07 1.4566343575369387549e-07 -6.605610408702504323e-07
	   0 -4.242036922014876967e-07 2.7580203607333749482e-06 1.1795448532464171983e-07 1.1593306247978160775e-06 2.0771335923798402509e-07 8.5921973787508518223e-07 2.4564301487279875366e-06 1.4365607870851169546e-06 -2.2572329323382805986e-06 1.0506191522472200799e-06 2.3824070048832946869e-06
	   0 5.7443593823772539129e-07 1.1795448532464171983e-07 4.0281345502361254622e-06 1.3300041298036570458e-06 7.0482174593478138958e-08 4.0072987642960895913e-06 1.2945177797046859543e-06 2.4280799669983952504e-06 2.6037720542006765191e-06 1.2772532188309350387e-06 -1.8849840807802893042e-06
	   0 1.3507384575666422231e-07 1.1593306247978160775e-06 1.3300041298036570458e-06 1.3670758017198615362e-06 1.1402391566867794559e-06 3.466039355247072386e-07 1.5437748767753553964e-06 7.4450577885564539141e-07 -3.5152198549387220935e-07 1.371332460633947954e-06 5.3487363846759875431e-07
	   0 2.6414440372457693629e-07 2.0771335923798402509e-07 7.0482174593478138958e-08 1.1402391566867794559e-06 2.4064165154829110942e-06 -2.4979863026615082959e-06 6.0280288410258273492e-07 -6.7373924646541322564e-07 -9.2455671839823266708e-07 1.4910838608632791531e-06 3.6346588947364052312e-07
	   0 2.8650525171376186283e-08 8.5921973787508518223e-07 4.0072987642960895913e-06 3.466039355247072386e-07 -2.4979863026615082959e-06 9.5340686922550198625e-06 2.29373991221634841e-06 5.0323385441846406175e-06 1.5747820419401224131e-06 8.5366408794969020192e-07 -8.9611584719715896513e-07
	   0 -1.8475768711285890342e-07 2.4564301487279875366e-06 1.2945177797046859543e-06 1.5437748767753553964e-06 6.0280288410258273492e-07 2.29373991221634841e-06 2.8860045632613877139e-06 2.1642507900957894481e-06 -1.8828838355783953077e-06 1.7652847566638330973e-06 1.8933887789883986202e-06
	   0 1.4934973812960096414e-08 1.4365607870851169546e-06 2.4280799669983952504e-06 7.4450577885564539141e-07 -6.7373924646541322564e-07 5.0323385441846406175e-06 2.1642507900957894481e-06 5.161654775242125232e-06 1.9199413822574663142e-07 1.4898950169891320878e-06 -1.0343443809166192875e-06
	   0 6.6048345540335865959e-07 -2.2572329323382805986e-06 2.6037720542006765191e-06 -3.5152198549387220935e-07 -9.2455671839823266708e-07 1.5747820419401224131e-06 -1.8828838355783953077e-06 1.9199413822574663142e-07 5.3891211336971725948e-06 -7.4188261767572909696e-07 -4.223608238138207951e-06
	   0 1.4566343575369387549e-07 1.0506191522472200799e-06 1.2772532188309350387e-06 1.371332460633947954e-06 1.4910838608632791531e-06 8.5366408794969020192e-07 1.7652847566638330973e-06 1.4898950169891320878e-06 -7.4188261767572909696e-07 1.9351068936759922463e-06 3.659238243120708516e-07
	   0 -6.605610408702504323e-07 2.3824070048832946869e-06 -1.8849840807802893042e-06 5.3487363846759875431e-07 3.6346588947364052312e-07 -8.9611584719715896513e-07 1.8933887789883986202e-06 -1.0343443809166192875e-06 -4.223608238138207951e-06 3.659238243120708516e-07 4.3348804261359527381e-06
	
12 12	
	   0   0   0   0   0   0   0   0   0   0   0   0
	   0 2.5328724931287881692e-07 -3.1210212702355845644e-07 -2.5948976063907267959e-07 -1.3078563368683218594e-07 4.0847409078718209317e-08 6.9786216606562292373e-07 9.3911472879553471534e-09 -7.3367509338379679924e-07 -3.7463100741472142642e-08 8.5476308497147042776e-07 3.1507747753528458144e-07
	   0 -3.1210212702355845644e-07 6.3093519507592012158e-06 -1.070955040469423922e-06 2.7015551470986570281e-06 -1.5466267377649444913e-06 -4.1429958966535150518e-06 -1.7098800230316159147e-06 2.0844945673359710621e-07 2.9599646244790877989e-06 -1.7533546703839741303e-06 3.9594163381387646679e-06
	   0 -2.5948976063907267959e-07 -1.070955040469423922e-06 1.1618301285610065004e-06 -8.8967229608517510775e-08 3.054196769859116029e-07 1.6436555500753386505e-06 1.3029644042296311645e-06 8.6434706307361623647e-07 -3.4005360386446909205e-07 -5.7641297916617861755e-07 -1.6626533074213937107e-06
	   0 -1.3078563368683218594e-07 2.7015551470986570281e-06 -8.8967229608517510775e-08 1.8798470008964103208e-06 -2.481907602902079452e-09 -6.4405709444028296626e-07 4.2417462719450806184e-07 -2.8939684991687154377e-07 1.8282745606785817812e-06 -1.7814813501576039944e-07 1.0631420813016357458e-06
	   0 4.0847409078718209317e-08 -1.5466267377649444913e-06 3.054196769859116029e-07 -2.481907602902079452e-09 1.7871908823697552669e-06 2.1077222002046607523e-06 2.1230903433725550157e-06 2.6498533882228494277e-07 -1.0750329039307999604e-06 1.6335288592027249287e-06 -2.0016590740460224973e-06
	   0 6.9786216606562292373e-07 -4.1429958966535150518e-06 1.6436555500753386505e-06 -6.4405709444028296626e-07 2.1077222002046607523e-06 1.1043894149095536951e-05 5.8177752163385077213e-06 2.0620660882422713664e-07 -2.9655134223253250352e-06 4.6876839662472638386e-06 -2.9983057629485787427e-06
	   0 9.3911472879553471534e-09 -1.7098800230316159147e-06 1.3029644042296311645e-06 4.2417462719450806184e-07 2.1230903433725550157e-06 5.8177752163385077213e-06 4.4324560431208387984e-06 1.1729646450901844493e-06 -1.62536030660816091e-06 2.2793913563333054795e-06 -2.8399145704486367491e-06
	   0 -7.3367509338379679924e-07 2.0844945673359710621e-07 8.6434706307361623647e-07 -2.8939684991687154377e-07 2.6498533882228494277e-07 2.0620660882422713664e-07 1.1729646450901844493e-06 3.9846300341028698591e-06 -2.0326498178045220623e-06 -1.7821130508938350785e-06 -1.2764590733423106395e-06
	   0 -3.7463100741472142642e-08 2.9599646244790877989e-06 -3.4005360386446909205e-07 1.8282745606785817812e-06 -1.0750329039307999604e-06 -2.9655134223253250352e-06 -1.62536030660816091e-06 -2.0326498178045220623e-06 3.5140644257884779497e-06 -1.1967159587629801609e-06 2.0222346475282248791e-06
	   0 8.5476308497147042776e-07 -1.7533546703839741303e-06 -5.7641297916617861755e-07 -1.7814813501576039944e-07 1.6335288592027249287e-06 4.6876839662472638386e-06 2.2793913563333054795e-06 -1.7821130508938350785e-06 -1.1967159587629801609e-06 4.3772110401120900065e-06 -4.2711114168231963576e-07
	   0 3.1507747753528458144e-07 3.9594163381387646679e-06 -1.6626533074213937107e-06 1.0631420813016357458e-06 -2.0016590740460224973e-06 -2.9983057629485787427e-06 -2.8399145704486367491e-06 -1.2764590733423106395e-06 2.0222346475282248791e-06 -4.2711114168231963576e-07 4.5885832549164041214e-06
	
12 12	
	   0   0   0   0   0   0   0   0   0   0   0   0
	   0 8.0781572375613594898e-08 5.8610810002405577723e-07 -2.6427711883737921603e-07 7.5021230702280874099e-08 -2.8640318671517184771e-09 1.0277176672634206833e-07 5.4762519904308449207e-08 -3.1280594784353333299e-08 5.9549198298485777807e-08 9.155664649055268951e-08 2.7032478708673282063e-08
