50
28 28	
	 2.9769575372683142651e-07 7.8021633891113019195e-08 -6.3107517227217428441e-08 -3.1180091983285271201e-09 -3.3526548073871729781e-08 -1.4940869028708410768e-08 -1.6488292517384399065e-08 -9.346724176831722239e-09 -2.1843850884122675817e-08 -3.7799718390986354045e-09 -1.053257272730937308e-08 -1.5033259881072088664e-09 -1.2163152426908013338e-08 -2.821571880143221264e-09   0   0   0   0   0   0   0   0   0   0   0   0   0   0
	 7.8021633891113019195e-08 6.7626407569760199593e-08 -4.8692932754333831402e-09 1.0792744064125751477e-08 -4.1951029546617602127e-09 1.3695194333120768603e-08 2.5593741681336052823e-09 -3.3161837361615102763e-09 2.5447760251605259262e-09 -6.2779532625148059373e-09 3.9231738356400962747e-10 4.0038295341777430909e-09 3.6504687757354100228e-09 1.5466779268603221239e-08   0   0   0   0   0   0   0   0   0   0   0   0   0   0
	 -6.3107517227217428441e-08 -4.8692932754333831402e-09 8.0481661348416487833e-08 -2.2382874835413366759e-10 2.8588862838220635958e-08 2.7109791441971702368e-08 2.4745258710765245109e-08 6.8824088827001681469e-09 1.579195454615306881e-08 1.7470790511781549143e-08 1.8013222758084305388e-08 2.7644893822550982117e-09 7.12063522163463435e-09 7.707276017264148862e-09   0   0   0   0   0   0   0   0   0   0   0   0   0   0
	 -3.1180091983285271201e-09 1.0792744064125751477e-08 -2.2382874835413366759e-10 3.8705827872671407441e-08 6.9041935737536938168e-09 -2.401266971816973712e-08 3.7860616444362921296e-08 -7.1069038260024716758e-09 3.5180822742281737927e-08 1.2617689660015928419e-08 -2.9205446272781930436e-08 -8.8866460844097714247e-09 1.2292098875523879776e-08 -5.3340006164450414498e-09   0   0   0   0   0   0   0   0   0   0   0   0   0   0
	 -3.3526548073871729781e-08 -4.1951029546617602127e-09 2.8588862838220635958e-08 6.9041935737536938168e-09 1.5961965546802047322e-07 -1.0217658486824032498e-07 -1.6318247209064402226e-09 -9.2106002307227305414e-08 8.7470094031550718575e-08 -4.4030413736307020789e-08 -4.3052351066099701685e-08 -1.1596782366202293199e-08 -5.2523515721396211557e-08 -8.9520574759966842114e-09   0   0   0   0   0   0   0   0   0   0   0   0   0   0
	 -1.4940869028708410768e-08 1.3695194333120768603e-08 2.7109791441971702368e-08 -2.401266971816973712e-08 -1.0217658486824032498e-07 1.7508095435166377692e-07 -1.0386322350143532228e-07 1.0874954755877170271e-07 -6.784170682508178256e-08 -1.2561748731047375161e-08 1.384254292771031145e-07 5.1789181523808160227e-09 1.7854245248556737109e-08 -2.1258836815981186909e-09   0   0   0   0   0   0   0   0   0   0   0   0   0   0
	 -1.6488292517384399065e-08 2.5593741681336052823e-09 2.4745258710765245109e-08 3.7860616444362921296e-08 -1.6318247209064402226e-09 -1.0386322350143532228e-07 5.1841122360671989046e-07 3.7931780206416925931e-09 -1.6630732288594880228e-07 2.9984374459707986989e-08 2.977711944328412565e-08 7.6682819752206342597e-08 1.0277047429311254391e-08 1.3520956475949268877e-08   0   0   0   0   0   0   0   0   0   0   0   0   0   0
	 -9.346724176831722239e-09 -3.3161837361615102763e-09 6.8824088827001681469e-09 -7.1069038260024716758e-09 -9.2106002307227305414e-08 1.0874954755877170271e-07 3.7931780206416925931e-09 5.0963924957692550086e-07 4.2112984249295153193e-08 -5.5607894362928058021e-08 -2.3121527497200953267e-08 -1.3198221831311191318e-08 -3.7263272211297690677e-08 -7.3595168077195597212e-09   0   0   0   0   0   0   0   0   0   0   0   0   0   0
	 -2.1843850884122675817e-08 2.5447760251605259262e-09 1.579195454615306881e-08 3.5180822742281737927e-08 8.7470094031550718575e-08 -6.784170682508178256e-08 -1.6630732288594880228e-07 4.2112984249295153193e-08 2.5349496629990354608e-07 4.9343960503749454853e-08 -2.2289311448848093548e-07 -3.2891823422162062133e-08 -5.7878556140977921579e-10 1.1645738218376315057e-08   0   0   0   0   0   0   0   0   0   0   0   0   0   0
	 -3.7799718390986354045e-09 -6.2779532625148059373e-09 1.7470790511781549143e-08 1.2617689660015928419e-08 -4.4030413736307020789e-08 -1.2561748731047375161e-08 2.9984374459707986989e-08 -5.5607894362928058021e-08 4.9343960503749454853e-08 5.876063054659102565e-07 5.6165588374810910354e-08 8.3512024338372862068e-08 2.7133956736744750229e-08 2.6160806047277461091e-08   0   0   0   0   0   0   0   0   0   0   0   0   0   0
	 -1.053257272730937308e-08 3.9231738356400962747e-10 1.8013222758084305388e-08 -2.9205446272781930436e-08 -4.3052351066099701685e-08 1.384254292771031145e-07 2.977711944328412565e-08 -2.3121527497200953267e-08 -2.2289311448848093548e-07 5.6165588374810910354e-08 4.6699321801984270121e-07 -8.6471669124677650193e-08 -5.0996705835576666412e-08 -6.090507366705660609e-08   0   0   0   0   0   0   0   0   0   0   0   0   0   0
	 -1.5033259881072088664e-09 4.0038295341777430909e-09 2.7644893822550982117e-09 -8.8866460844097714247e-09 -1.1596782366202293199e-08 5.1789181523808160227e-09 7.6682819752206342597e-08 -1.3198221831311191318e-08 -3.2891823422162062133e-08 8.3512024338372862068e-08 -8.6471669124677650193e-08 5.2003797170441513966e-07 -5.3413452237113719823e-08 -5.5594863679433219896e-08   0   0   0   0   0   0   0   0   0   0   0   0   0   0
	 -1.2163152426908013338e-08 3.6504687757354100228e-09 7.12063522163463435e-09 1.2292098875523879776e-08 -5.2523515721396211557e-08 1.7854245248556737109e-08 1.0277047429311254391e-08 -3.7263272211297690677e-08 -5.7878556140977921579e-10 2.7133956736744750229e-08 -5.0996705835576666412e-08 -5.3413452237113719823e-08 5.0241778802779283647e-07 1.1031764202411522715e-08   0   0   0   0   0   0   0   0   0   0   0   0   0   0
	 -2.821571880143221264e-09 1.5466779268603221239e-08 7.707276017264148862e-09 -5.3340006164450414498e-09 -8.9520574759966842114e-09 -2.1258836815981186909e-09 1.3520956475949268877e-08 -7.3595168077195597212e-09 1.1645738218376315057e-08 2.6160806047277461091e-08 -6.090507366705660609e-08 -5.5594863679433219896e-08 1.1031764202411522715e-08 3.7143989225991372889e-07   0   0   0   0   0   0   0   0   0   0   0   0   0   0
	   0   0   0   0   0   0   0   0   0   0   0   0   0   0   0   0   0   0   0   0   0   0   0   0   0   0   0   0
	   0   0   0   0   0   0   0   0   0   0   0   0   0   0   0   0   0   0   0   0   0   0   0   0   0   0   0   0
	   0   0   0   0   0   0   0   0   0   0   0   0   0   0   0   0   0   0   0   0   0   0   0   0   0   0   0   0
	   0   0   0   0   0   0   0   0   0   0   0   0   0   0   0   0   0   0   0   0   0   0   0   0   0   0   0   0
	   0   0   0   0   0   0   0   0   0   0   0   0   0   0   0   0   0   0   0   0   0   0   0   0   0   0   0   0
	   0   0   0   0   0   0   0   0   0   0   0   0   0   0   0   0   0   0   0   0   0   0   0   0   0   0   0   0
	   0   0   0   0   0   0   0   0   0   0   0   0   0   0   0   0   0   0   0   0   0   0   0   0   0   0   0   0
	   0   0   0   0   0   0   0   0   0   0   0   0   0   0   0   0   0   0   0   0   0   0   0   0   0   0   0   0
	   0   0   0   0   0   0   0   0   0   0   0   0   0   0   0   0   0   0   0   0   0   0   0   0   0   0   0   0
	   0   0   0   0   0   0   0   0   0   0   0   0   0   0   0   0   0   0   0   0   0   0   0   0   0   0   0   0
	   0   0   0   0   0   0   0   0   0   0   0   0   0   0   0   0   0   0   0   0   0   0   0   0   0   0   0   0
	   0   0   0   0   0   0   0   0   0   0   0   0   0   0   0   0   0   0   0   0   0   0   0   0   0   0   0   0
	   0   0   0   0   0   0   0   0   0   0   0   0   0   0   0   0   0   0   0   0   0   0   0   0   0   0   0   0
	   0   0   0   0   0   0   0   0   0   0   0   0   0   0   0   0   0   0   0   0   0   0   0   0   0   0   0   0
	
28 28	
	 2.8549603950173720035e-06 4.8039983541018610475e-07 -3.1991578843739779784e-07 -4.5166258995272314148e-09 -1.708137916552840834e-07 -1.1277887795770458875e-07 -7.8524092268866692121e-08 -3.0574080104910845963e-08 -1.3061683898705049003e-07 -6.945337235525112982e-09 -8.7500346309397491958e-08 -1.1258648959877173309e-08 -4.2551402433425942605e-08 -2.3548376905134408861e-08   0   0   0   0   0   0   0   0   0   0   0   0   0   0
	 4.8039983541018610475e-07 2.1630595961794054012e-07 -5.5916809020559960279e-09 3.3526692627901580601e-08 1.9825372653076626506e-08 -4.1883479769017656654e-09 -2.1902898223781081923e-10 -3.3956626559862621018e-09 2.1301585008545044885e-08 4.9811464206759026017e-09 1.194642787923617412e-08 -3.0342880674216279844e-08 -1.6735385407251804156e-08 -1.0777422077749946676e-08   0   0   0   0   0   0   0   0   0   0   0   0   0   0
	 -3.1991578843739779784e-07 -5.5916809020559960279e-09 1.1022349002481230595e-07 1.4469145877856770971e-08 7.3781189295812851288e-08 5.1893983463045634376e-08 -1.681550595392293086e-08 2.6331811085924054273e-08 3.9077788383948440741e-08 -2.6082393106417835759e-08 5.1554611398073125067e-08 1.1604234158388577799e-08 2.0335738060444903195e-08 -7.358334863541939719e-09   0   0   0   0   0   0   0   0   0   0   0   0   0   0
	 -4.5166258995272314148e-09 3.3526692627901580601e-08 1.4469145877856770971e-08 2.2397792143009293691e-08 -2.0115429343812492653e-08 3.9436504313033842071e-08 5.5816369768045255649e-08 7.6577111183123315652e-09 -3.0673287855623245978e-08 2.9747923865090020139e-09 4.0744033818745882968e-08 2.731546383006186669e-08 9.3158303880632429912e-10 1.6258464098456950591e-08   0   0   0   0   0   0   0   0   0   0   0   0   0   0
	 -1.708137916552840834e-07 1.9825372653076626506e-08 7.3781189295812851288e-08 -2.0115429343812492653e-08 1.102285326705249629e-07 -5.6854618335514077439e-08 1.3999631443235029196e-07 -1.3730095781386501235e-07 -3.4415523623094712909e-08 -4.4170139238758933126e-08 -1.0645224525041234507e-08 9.5593577978476039198e-08 -1.0606021155343279148e-09 -6.8832766901434043478e-09   0   0   0   0   0   0   0   0   0   0   0   0   0   0
	 -1.1277887795770458875e-07 -4.1883479769017656654e-09 5.1893983463045634376e-08 3.9436504313033842071e-08 -5.6854618335514077439e-08 6.9557974208784560434e-08 -1.4509590836525725785e-07 9.5869892125872275149e-08 1.4165512434389739494e-07 7.090045156144205236e-08 -8.472565931268321265e-08 -8.9493056054447579645e-08 4.6358929610889855065e-08 7.2079006789389026642e-09   0   0   0   0   0   0   0   0   0   0   0   0   0   0
	 -7.8524092268866692121e-08 -2.1902898223781081923e-10 -1.681550595392293086e-08 5.5816369768045255649e-08 1.3999631443235029196e-07 -1.4509590836525725785e-07 2.853399772766313342e-07 1.167676590572539059e-07 -3.4940293450139636957e-08 -3.6700076761366850838e-07 1.2963786898736355268e-08 -1.5344889241231900755e-07 -7.0875426311930948361e-08 -4.5854328737299173996e-08   0   0   0   0   0   0   0   0   0   0   0   0   0   0
	 -3.0574080104910845963e-08 -3.3956626559862621018e-09 2.6331811085924054273e-08 7.6577111183123315652e-09 -1.3730095781386501235e-07 9.5869892125872275149e-08 1.167676590572539059e-07 6.5583533378751870469e-07 8.6870435034496871978e-08 6.6833693826519757637e-09 -1.8730902048759313273e-07 1.7830035782607436083e-07 -1.4348601127267981635e-07 2.2198746982982881196e-10   0   0   0   0   0   0   0   0   0   0   0   0   0   0
	 -1.3061683898705049003e-07 2.1301585008545044885e-08 3.9077788383948440741e-08 -3.0673287855623245978e-08 -3.4415523623094712909e-08 1.4165512434389739494e-07 -3.4940293450139636957e-08 8.6870435034496871978e-08 -7.2321232027179828844e-08 1.6231799739359371166e-07 1.5816930539806595227e-07 2.9250069311530202035e-07 -5.62917086646779686e-08 3.0385023041003628664e-08   0   0   0   0   0   0   0   0   0   0   0   0   0   0
	 -6.945337235525112982e-09 4.9811464206759026017e-09 -2.6082393106417835759e-08 2.9747923865090020139e-09 -4.4170139238758933126e-08 7.090045156144205236e-08 -3.6700076761366850838e-07 6.6833693826519757637e-09 1.6231799739359371166e-07 4.7309478606485054323e-07 1.0757597229309349123e-07 -1.9017466386807577587e-07 -7.3190212731593343489e-09 4.2180365213045989996e-08   0   0   0   0   0   0   0   0   0   0   0   0   0   0
	 -8.7500346309397491958e-08 1.194642787923617412e-08 5.1554611398073125067e-08 4.0744033818745882968e-08 -1.0645224525041234507e-08 -8.472565931268321265e-08 1.2963786898736355268e-08 -1.8730902048759313273e-07 1.5816930539806595227e-07 1.0757597229309349123e-07 -2.3109281298394067889e-07 -3.8284825419350063652e-07 1.8541862659880347758e-07 1.4381438376975069303e-08   0   0   0   0   0   0   0   0   0   0   0   0   0   0
	 -1.1258648959877173309e-08 -3.0342880674216279844e-08 1.1604234158388577799e-08 2.731546383006186669e-08 9.5593577978476039198e-08 -8.9493056054447579645e-08 -1.5344889241231900755e-07 1.7830035782607436083e-07 2.9250069311530202035e-07 -1.9017466386807577587e-07 -3.8284825419350063652e-07 -3.6676215656996633173e-09 -2.1311429056405618505e-07 4.9979245952152941245e-08   0   0   0   0   0   0   0   0   0   0   0   0   0   0
	 -4.2551402433425942605e-08 -1.6735385407251804156e-08 2.0335738060444903195e-08 9.3158303880632429912e-10 -1.0606021155343279148e-09 4.6358929610889855065e-08 -7.0875426311930948361e-08 -1.4348601127267981635e-07 -5.62917086646779686e-08 -7.3190212731593343489e-09 1.8541862659880347758e-07 -2.1311429056405618505e-07 5.7712973812628798968e-07 -5.7677866675075424464e-08   0   0   0   0   0   0   0   0   0   0   0   0   0   0
	 -2.3548376905134408861e-08 -1.0777422077749946676e-08 -7.358334863541939719e-09 1.6258464098456950591e-08 -6.8832766901434043478e-09 7.2079006789389026642e-09 -4.5854328737299173996e-08 2.2198746982982881196e-10 3.0385023041003628664e-08 4.2180365213045989996e-08 1.4381438376975069303e-08 4.9979245952152941245e-08 -5.7677866675075424464e-08 -7.5681280195880999058e-08   0   0   0   0   0   0   0   0   0   0   0   0   0   0
	   0   0   0   0   0   0   0   0   0   0   0   0   0   0   0   0   0   0   0   0   0   0   0   0   0   0   0   0
	   0   0   0   0   0   0   0   0   0   0   0   0   0   0   0   0   0   0   0   0   0   0   0   0   0   0   0   0
	   0   0   0   0   0   0   0   0   0   0   0   0   0   0   0   0   0   0   0   0   0   0   0   0   0   0   0   0
	   0   0   0   0   0   0   0   0   0   0   0   0   0   0   0   0   0   0   0   0   0   0   0   0   0   0   0   0
	   0   0   0   0   0   0   0   0   0   0   0   0   0   0   0   0   0   0   0   0   0   0   0   0   0   0   0   0
	   0   0   0   0   0   0   0   0   0   0   0   0   0   0   0   0   0   0   0   0   0   0   0   0   0   0   0   0
	   0   0   0   0   0   0   0   0   0   0   0   0   0   0   0   0   0   0   0   0   0   0   0   0   0   0   0   0
	   0   0   0   0   0   0   0   0   0   0   0   0   0   0   0   0   0   0   0   0   0   0   0   0   0   0   0   0
	   0   0   0   0   0   0   0   0   0   0   0   0   0   0   0   0   0   0   0   0   0   0   0   0   0   0   0   0
	   0   0   0   0   0   0   0   0   0   0   0   0   0   0   0   0   0   0   0   0   0   0   0   0   0   0   0   0
	   0   0   0   0   0   0   0   0   0   0   0   0   0   0   0   0   0   0   0   0   0   0   0   0   0   0   0   0
	   0   0   0   0   0   0   0   0   0   0   0   0   0   0   0   0   0   0   0   0   0   0   0   0   0   0   0   0
	   0   0   0   0   0   0   0   0   0   0   0   0   0   0   0   0   0   0   0   0   0   0   0   0   0   0   0   0
	   0   0   0   0   0   0   0   0   0   0   0   0   0   0   0   0   0   0   0   0   0   0   0   0   0   0   0   0
	
28 28	
	 5.292444621563174746e-07 8.1536045220399853018e-08 -1.9226675457474298786e-08 2.3215220816307148445e-08 -2.6864929123717903476e-08 -1.0363743052216799136e-09 -8.7179653218341217089e-09 -4.7826106032899790289e-09 -1.4688170397604832651e-08 -7.8062404264068338912e-09 -3.6693538101118875152e-09 1.442694405909946678e-08 -1.6685529445035753933e-09 -2.4585094798961827346e-08   0   0   0   0   0   0   0   0   0   0   0   0   0   0
	 8.1536045220399853018e-08 4.0053167043631949262e-08 -2.2674859964673502877e-08 -1.0227307464159403857e-08 -1.4465686429272541733e-08 -2.066049613041267697e-08 -1.5686610954120286892e-08 -4.1698847576799087064e-09 -5.7900667508124955113e-09 -8.975484717595782637e-09 -3.356738639798595037e-08 -6.2250615113038941398e-08 -2.0652355809401509352e-08 1.1669212473972076501e-07   0   0   0   0   0   0   0   0   0   0   0   0   0   0
	 -1.9226675457474298786e-08 -2.2674859964673502877e-08 -1.7924832537695939283e-07 1.0623794286367377257e-08 -6.2272438889244295541e-08 -3.4180636874133696839e-08 -5.1024977862122433475e-08 -5.9472004511189301475e-09 -2.4731562404396199111e-08 -3.9367971642144034712e-08 -2.296016672074275194e-08 -1.2172014157983090014e-09 -2.8888133447479773265e-08 -3.2944937713235640741e-08   0   0   0   0   0   0   0   0   0   0   0   0   0   0
	 2.3215220816307148445e-08 -1.0227307464159403857e-08 1.0623794286367377257e-08 -2.9377378470184816291e-08 -5.9113144360539523201e-10 3.9075094656275397837e-08 -2.3769357283531756178e-08 -8.5163570443248168384e-09 -4.9118125717881089383e-08 -2.6071468911153578878e-08 5.759429126804230185e-08 3.266426225383663466e-08 -1.4279440474424885524e-08 -9.8348989995083049381e-09   0   0   0   0   0   0   0   0   0   0   0   0   0   0
	 -2.6864929123717903476e-08 -1.4465686429272541733e-08 -6.2272438889244295541e-08 -5.9113144360539523201e-10 -2.6965814709394510797e-07 1.8402203757600239566e-07 -5.1391552176220635998e-08 7.4792817344048700809e-08 -1.3862321744344088847e-07 1.1836797515428066569e-07 9.6499022892126754388e-08 4.9705478257139668981e-08 1.1190653473739745061e-07 -3.2494516837285045968e-08   0   0   0   0   0   0   0   0   0   0   0   0   0   0
	 -1.0363743052216799136e-09 -2.066049613041267697e-08 -3.4180636874133696839e-08 3.9075094656275397837e-08 1.8402203757600239566e-07 -2.6642684074337798782e-07 1.6552462430379967654e-07 -9.3712625400032527877e-08 1.4846837499015651117e-07 -2.2525704034930766186e-08 -2.5871998955197160393e-07 -1.7443099683840602992e-08 -5.365746160462370492e-08 7.6858155142198940443e-09   0   0   0   0   0   0   0   0   0   0   0   0   0   0
	 -8.7179653218341217089e-09 -1.5686610954120286892e-08 -5.1024977862122433475e-08 -2.3769357283531756178e-08 -5.1391552176220635998e-08 1.6552462430379967654e-07 -7.5181957563922570728e-07 -9.7103815487319439925e-08 2.0667623486867105808e-07 -1.1629891585082238477e-07 -1.7767127862836640157e-08 -1.8883133365357646749e-07 7.4622487764427843633e-08 -7.5423794814547825651e-08   0   0   0   0   0   0   0   0   0   0   0   0   0   0
	 -4.7826106032899790289e-09 -4.1698847576799087064e-09 -5.9472004511189301475e-09 -8.5163570443248168384e-09 7.4792817344048700809e-08 -9.3712625400032527877e-08 -9.7103815487319439925e-08 -9.3435645208682204592e-07 -1.4308902147352271978e-07 -1.5324506938814861847e-07 -5.3879445435443670443e-09 1.1115238156434714333e-07 8.7091507570254775556e-08 1.2100847229321692776e-08   0   0   0   0   0   0   0   0   0   0   0   0   0   0
	 -1.4688170397604832651e-08 -5.7900667508124955113e-09 -2.4731562404396199111e-08 -4.9118125717881089383e-08 -1.3862321744344088847e-07 1.4846837499015651117e-07 2.0667623486867105808e-07 -1.4308902147352271978e-07 -4.1496824441069657592e-07 -9.152603614406948483e-08 3.9740359655099802234e-07 1.7663930547400354716e-07 -3.4874736393884721518e-08 -1.9575649392083828735e-08   0   0   0   0   0   0   0   0   0   0   0   0   0   0
	 -7.8062404264068338912e-09 -8.975484717595782637e-09 -3.9367971642144034712e-08 -2.6071468911153578878e-08 1.1836797515428066569e-07 -2.2525704034930766186e-08 -1.1629891585082238477e-07 -1.5324506938814861847e-07 -9.152603614406948483e-08 -1.0421947699888014127e-06 -1.2837295583318189691e-07 3.1575325103730676456e-08 -3.1102310371330197759e-07 -1.79421259573218604e-07   0   0   0   0   0   0   0   0   0   0   0   0   0   0
	 -3.6693538101118875152e-09 -3.356738639798595037e-08 -2.296016672074275194e-08 5.759429126804230185e-08 9.6499022892126754388e-08 -2.5871998955197160393e-07 -1.7767127862836640157e-08 -5.3879445435443670443e-09 3.9740359655099802234e-07 -1.2837295583318189691e-07 -7.6140744344474134804e-07 9.3426049594156698412e-08 -2.5489106897514974212e-08 -7.0383117187351806215e-08   0   0   0   0   0   0   0   0   0   0   0   0   0   0
	 1.442694405909946678e-08 -6.2250615113038941398e-08 -1.2172014157983090014e-09 3.266426225383663466e-08 4.9705478257139668981e-08 -1.7443099683840602992e-08 -1.8883133365357646749e-07 1.1115238156434714333e-07 1.7663930547400354716e-07 3.1575325103730676456e-08 9.3426049594156698412e-08 -4.5672429785144699415e-07 4.0208102166903274111e-07 5.0389064438896245386e-08   0   0   0   0   0   0   0   0   0   0   0   0   0   0
	 -1.6685529445035753933e-09 -2.0652355809401509352e-08 -2.8888133447479773265e-08 -1.4279440474424885524e-08 1.1190653473739745061e-07 -5.365746160462370492e-08 7.4622487764427843633e-08 8.7091507570254775556e-08 -3.4874736393884721518e-08 -3.1102310371330197759e-07 -2.5489106897514974212e-08 4.0208102166903274111e-07 -7.4840030092139982718e-07 1.5721593215252891656e-07   0   0   0   0   0   0   0   0   0   0   0   0   0   0
	 -2.4585094798961827346e-08 1.1669212473972076501e-07 -3.2944937713235640741e-08 -9.8348989995083049381e-09 -3.2494516837285045968e-08 7.6858155142198940443e-09 -7.5423794814547825651e-08 1.2100847229321692776e-08 -1.9575649392083828735e-08 -1.79421259573218604e-07 -7.0383117187351806215e-08 5.0389064438896245386e-08 1.5721593215252891656e-07 9.6225723117531469989e-07   0   0   0   0   0   0   0   0   0   0   0   0   0   0
	   0   0   0   0   0   0   0   0   0   0   0   0   0   0   0   0   0   0   0   0   0   0   0   0   0   0   0   0
	   0   0   0   0   0   0   0   0   0   0   0   0   0   0   0   0   0   0   0   0   0   0   0   0   0   0   0   0
	   0   0   0   0   0   0   0   0   0   0   0   0   0   0   0   0   0   0   0   0   0   0   0   0   0   0   0   0
	   0   0   0   0   0   0   0   0   0   0   0   0   0   0   0   0   0   0   0   0   0   0   0   0   0   0   0   0
	   0   0   0   0   0   0   0   0   0   0   0   0   0   0   0   0   0   0   0   0   0   0   0   0   0   0   0   0
	   0   0   0   0   0   0   0   0   0   0   0   0   0   0   0   0   0   0   0   0   0   0   0   0   0   0   0   0
	   0   0   0   0   0   0   0   0   0   0   0   0   0   0   0   0   0   0   0   0   0   0   0   0   0   0   0   0
	   0   0   0   0   0   0   0   0   0   0   0   0   0   0   0   0   0   0   0   0   0   0   0   0   0   0   0   0
	   0   0   0   0   0   0   0   0   0   0   0   0   0   0   0   0   0   0   0   0   0   0   0   0   0   0   0   0
	   0   0   0   0   0   0   0   0   0   0   0   0   0   0   0   0   0   0   0   0   0   0   0   0   0   0   0   0
	   0   0   0   0   0   0   0   0   0   0   0   0   0   0   0   0   0   0   0   0   0   0   0   0   0   0   0   0
	   0   0   0   0   0   0   0   0   0   0   0   0   0   0   0   0   0   0   0   0   0   0   0   0   0   0   0   0
	   0   0   0   0   0   0   0   0   0   0   0   0   0   0   0   0   0   0   0   0   0   0   0   0   0   0   0   0
	   0   0   0   0   0   0   0   0   0   0   0   0   0   0   0   0   0   0   0   0   0   0   0   0   0   0   0   0
	
28 28	
	 8.6883211398379032785e-08 8.134058116575859625e-09 1.4352971949690816138e-08 1.9102711780706826002e-08 -6.4797020730043875939e-09 8.7741296634543975491e-09 2.8800270199606185428e-11 -4.4456939471297434489e-09 1.441486275555605021e-09 -4.9208786435573392452e-09 4.9402470139536113712e-09 1.0906795818457162993e-08 -1.4782826016987411074e-09 -2.1089064198086531128e-08   0   0   0   0   0   0   0   0   0   0   0   0   0   0
	 8.134058116575859625e-09 1.311326275787461541e-08 -4.3216470929645809921e-08 -1.4054235030551806853e-08 6.0482499981696811996e-10 -1.902146481750616063e-08 -1.8612271146845580891e-08 -5.2941189177728996032e-10 7.0565974056722008105e-10 -1.8742906293758623889e-08 -2.3721133310896647671e-08 -3.1710353717890241754e-08 -2.5233009976061240779e-09 8.1545606996472900105e-08   0   0   0   0   0   0   0   0   0   0   0   0   0   0
	 1.4352971949690816138e-08 -4.3216470929645809921e-08 -1.5718229098003475283e-07 4.7496415639628811049e-08 -6.4332979494745539806e-08 -2.3059033381794961352e-08 -6.0087743772668956155e-08 -2.6087910865446791219e-08 -1.8875239684323014703e-09 -3.339174928808763302e-08 -2.0922035458607336281e-08 2.4198812890474273678e-09 -3.8389288612605534254e-08 -3.351110272425170414e-08   0   0   0   0   0   0   0   0   0   0   0   0   0   0
	 1.9102711780706826002e-08 -1.4054235030551806853e-08 4.7496415639628811049e-08 -5.7540070071208069897e-09 -4.2301139529188926622e-08 6.5936426543078468714e-08 8.101307954141275378e-09 2.969429021953087339e-08 -7.1701122371075744501e-08 -3.4917318787656489923e-08 6.9897441761210634758e-08 3.6825296538220407038e-08 -1.7340054611409508283e-09 -6.9504444547138653352e-09   0   0   0   0   0   0   0   0   0   0   0   0   0   0
	 -6.4797020730043875939e-09 6.0482499981696811996e-10 -6.4332979494745539806e-08 -4.2301139529188926622e-08 -1.6127241693161084475e-07 1.1973033990817071299e-07 5.1827129279403746694e-08 3.1517331715519058179e-08 -1.8014193401482212182e-07 8.4364527829864207645e-09 1.3558068794989136522e-07 3.1308687923517192233e-08 4.8163573248367695523e-08 -2.0680156736558391208e-08   0   0   0   0   0   0   0   0   0   0   0   0   0   0
	 8.7741296634543975491e-09 -1.902146481750616063e-08 -2.3059033381794961352e-08 6.5936426543078468714e-08 1.1973033990817071299e-07 -2.5656180576185679517e-07 9.8983828580721242029e-08 -1.4386084605039583071e-07 2.0466353300529481505e-07 1.5164169462020748056e-07 -2.9182004555431591642e-07 5.4031837071233438992e-09 -2.5802417412972513808e-08 -5.9161823482080183167e-10   0   0   0   0   0   0   0   0   0   0   0   0   0   0
	 2.8800270199606185428e-11 -1.8612271146845580891e-08 -6.0087743772668956155e-08 8.101307954141275378e-09 5.1827129279403746694e-08 9.8983828580721242029e-08 -7.7536195084768310673e-07 8.6948775628231854145e-08 3.365968666089403999e-07 -3.7516466388328744616e-07 -1.8211492198565641834e-07 -2.1629311307444869321e-07 -3.7867771398478464391e-09 -1.1928086519104095689e-07   0   0   0   0   0   0   0   0   0   0   0   0   0   0
	 -4.4456939471297434489e-09 -5.2941189177728996032e-10 -2.6087910865446791219e-08 2.969429021953087339e-08 3.1517331715519058179e-08 -1.4386084605039583071e-07 8.6948775628231854145e-08 -5.8505545680579663708e-07 -5.908930996715128158e-08 8.6680501704736477941e-08 -1.0015097648269300135e-07 2.4580848555153566903e-07 1.2821689574584057683e-08 -2.4430908719768243891e-09   0   0   0   0   0   0   0   0   0   0   0   0   0   0
	 1.441486275555605021e-09 7.0565974056722008105e-10 -1.8875239684323014703e-09 -7.1701122371075744501e-08 -1.8014193401482212182e-07 2.0466353300529481505e-07 3.365968666089403999e-07 -5.908930996715128158e-08 -5.1681851303317171346e-07 -2.5344875317224518803e-08 5.0708561692376407569e-07 1.9276371058225806959e-07 -2.0373481915824553685e-08 2.2160493173734570036e-08   0   0   0   0   0   0   0   0   0   0   0   0   0   0
	 -4.9208786435573392452e-09 -1.8742906293758623889e-08 -3.339174928808763302e-08 -3.4917318787656489923e-08 8.4364527829864207645e-09 1.5164169462020748056e-07 -3.7516466388328744616e-07 8.6680501704736477941e-08 -2.5344875317224518803e-08 -8.7368483594859223892e-07 2.9538503992371344721e-08 -3.407454824886254078e-07 -2.8778779052607267032e-07 -1.7489916181847172255e-07   0   0   0   0   0   0   0   0   0   0   0   0   0   0
	 4.9402470139536113712e-09 -2.3721133310896647671e-08 -2.0922035458607336281e-08 6.9897441761210634758e-08 1.3558068794989136522e-07 -2.9182004555431591642e-07 -1.8211492198565641834e-07 -1.0015097648269300135e-07 5.0708561692376407569e-07 2.9538503992371344721e-08 -7.6580663353562357563e-07 -8.7488982559687751076e-08 -7.4209982736775530439e-08 -1.3735681049388892647e-07   0   0   0   0   0   0   0   0   0   0   0   0   0   0
	 1.0906795818457162993e-08 -3.1710353717890241754e-08 2.4198812890474273678e-09 3.6825296538220407038e-08 3.1308687923517192233e-08 5.4031837071233438992e-09 -2.1629311307444869321e-07 2.4580848555153566903e-07 1.9276371058225806959e-07 -3.407454824886254078e-07 -8.7488982559687751076e-08 -5.2479264104919591277e-07 3.4594517741504336348e-07 -6.3679339235029907389e-08   0   0   0   0   0   0   0   0   0   0   0   0   0   0
	 -1.4782826016987411074e-09 -2.5233009976061240779e-09 -3.8389288612605534254e-08 -1.7340054611409508283e-09 4.8163573248367695523e-08 -2.5802417412972513808e-08 -3.7867771398478464391e-09 1.2821689574584057683e-08 -2.0373481915824553685e-08 -2.8778779052607267032e-07 -7.4209982736775530439e-08 3.4594517741504336348e-07 -7.5303013346501184333e-08 1.8935027674281028791e-07   0   0   0   0   0   0   0   0   0   0   0   0   0   0
	 -2.1089064198086531128e-08 8.1545606996472900105e-08 -3.351110272425170414e-08 -6.9504444547138653352e-09 -2.0680156736558391208e-08 -5.9161823482080183167e-10 -1.1928086519104095689e-07 -2.4430908719768243891e-09 2.2160493173734570036e-08 -1.7489916181847172255e-07 -1.3735681049388892647e-07 -6.3679339235029907389e-08 1.8935027674281028791e-07 1.5443265321299101629e-06   0   0   0   0   0   0   0   0   0   0   0   0   0   0
	   0   0   0   0   0   0   0   0   0   0   0   0   0   0   0   0   0   0   0   0   0   0   0   0   0   0   0   0
	   0   0   0   0   0   0   0   0   0   0   0   0   0   0   0   0   0   0   0   0   0   0   0   0   0   0   0   0
	   0   0   0   0   0   0   0   0   0   0   0   0   0   0   0   0   0   0   0   0   0   0   0   0   0   0   0   0
	   0   0   0   0   0   0   0   0   0   0   0   0   0   0   0   0   0   0   0   0   0   0   0   0   0   0   0   0
	   0   0   0   0   0   0   0   0   0   0   0   0   0   0   0   0   0   0   0   0   0   0   0   0   0   0   0   0
	   0   0   0   0   0   0   0   0   0   0   0   0   0   0   0   0   0   0   0   0   0   0   0   0   0   0   0   0
	   0   0   0   0   0   0   0   0   0   0   0   0   0   0   0   0   0   0   0   0   0   0   0   0   0   0   0   0
	   0   0   0   0   0   0   0   0   0   0   0   0   0   0   0   0   0   0   0   0   0   0   0   0   0   0   0   0
	   0   0   0   0   0   0   0   0   0   0   0   0   0   0   0   0   0   0   0   0   0   0   0   0   0   0   0   0
	   0   0   0   0   0   0   0   0   0   0   0   0   0   0   0   0   0   0   0   0   0   0   0   0   0   0   0   0
	   0   0   0   0   0   0   0   0   0   0   0   0   0   0   0   0   0   0   0   0   0   0   0   0   0   0   0   0
	   0   0   0   0   0   0   0   0   0   0   0   0   0   0   0   0   0   0   0   0   0   0   0   0   0   0   0   0
	   0   0   0   0   0   0   0   0   0   0   0   0   0   0   0   0   0   0   0   0   0   0   0   0   0   0   0   0
	   0   0   0   0   0   0   0   0   0   0   0   0   0   0   0   0   0   0   0   0   0   0   0   0   0   0   0   0
	
28 28	
	 -2.5080599381249396495e-08 -1.0110153442577146856e-08 1.4817025548956682358e-08 4.8012574357915827627e-09 1.7841119932727689704e-09 5.6911977626200427903e-09 1.065103765459139517e-09 -1.229811886903682909e-09 2.5776425416750410985e-09 -3.155745998926971334e-09 3.6600684281758434035e-09 4.4649661574605021613e-09 5.3314021490866975578e-10 -7.4546934265600046148e-09   0   0   0   0   0   0   0   0   0   0   0   0   0   0
	 -1.0110153442577146856e-08 -9.1393204944786831351e-09 -3.3767468096952586428e-08 1.4679255758369112264e-08 -6.9195225837717347527e-09 -1.3563710653539136395e-08 4.3441008000149436054e-09 -3.0760186798397645749e-09 5.8737388398023731384e-09 5.8222414550468154403e-10 -1.7258207449305498039e-08 -7.2367085349591924015e-09 2.1038544917904550519e-09 2.1393118819375180402e-08   0   0   0   0   0   0   0   0   0   0   0   0   0   0
	 1.4817025548956682358e-08 -3.3767468096952586428e-08 -6.2330655073672910706e-08 3.9110394510312777512e-08 -5.890719552730275093e-08 -5.6353151435706245795e-09 -2.3300658843786939821e-08 -2.5517828171940785004e-08 -6.5869335252918355311e-09 -2.0398003622002845046e-08 -1.3679602940987599946e-08 1.2723361581687081804e-08 -2.2398615726932645899e-08 -3.0325670080477001067e-08   0   0   0   0   0   0   0   0   0   0   0   0   0   0
	 4.8012574357915827627e-09 1.4679255758369112264e-08 3.9110394510312777512e-08 -4.6569795788369798105e-08 -2.1783727567581442731e-08 5.8327345520923334469e-08 -5.498345393793834846e-08 4.8931970409735553353e-08 -2.7130498050927934044e-08 -2.4111247570203435125e-08 3.7041508924224731063e-08 9.9956180527875263499e-09 1.2415709448737079829e-08 -1.8563094205243531761e-09   0   0   0   0   0   0   0   0   0   0   0   0   0   0
	 1.7841119932727689704e-09 -6.9195225837717347527e-09 -5.890719552730275093e-08 -2.1783727567581442731e-08 -1.3711224812955142957e-07 1.0597034824258786082e-07 4.636449763934274538e-08 1.4937056331119709666e-07 -1.0349756323613317926e-07 -5.1645088049962951576e-08 3.0416897792686291542e-08 4.1852069495975538484e-08 -5.5923697790938267471e-08 1.3511859505626868362e-08   0   0   0   0   0   0   0   0   0   0   0   0   0   0
	 5.6911977626200427903e-09 -1.3563710653539136395e-08 -5.6353151435706245795e-09 5.8327345520923334469e-08 1.0597034824258786082e-07 -1.9206183568740056203e-07 1.3575671984677881325e-07 -2.1365184565573302429e-07 6.9330363422243891995e-08 1.0987015138273755036e-07 -9.1649071081794552258e-08 -3.7391073510570755166e-08 5.3957715766024434366e-08 -6.6835535539489375361e-09   0   0   0   0   0   0   0   0   0   0   0   0   0   0
	 1.065103765459139517e-09 4.3441008000149436054e-09 -2.3300658843786939821e-08 -5.498345393793834846e-08 4.636449763934274538e-08 1.3575671984677881325e-07 -6.6781487320673886908e-07 1.0746662410156028731e-07 2.7646562721927026005e-07 -4.8154326606708517968e-08 -1.3092780859876821032e-07 8.15773998149274948e-08 -1.181083907679865089e-07 -2.6750555085160526632e-08   0   0   0   0   0   0   0   0   0   0   0   0   0   0
	 -1.229811886903682909e-09 -3.0760186798397645749e-09 -2.5517828171940785004e-08 4.8931970409735553353e-08 1.4937056331119709666e-07 -2.1365184565573302429e-07 1.0746662410156028731e-07 -5.3478969456165795346e-07 3.5672333856969608556e-09 2.0985808956022378376e-07 3.8271164743952880701e-08 -3.0379675545763203765e-08 8.6845994669184166022e-08 -6.863277574171861879e-09   0   0   0   0   0   0   0   0   0   0   0   0   0   0
	 2.5776425416750410985e-09 5.8737388398023731384e-09 -6.5869335252918355311e-09 -2.7130498050927934044e-08 -1.0349756323613317926e-07 6.9330363422243891995e-08 2.7646562721927026005e-07 3.5672333856969608556e-09 -2.8476924831705692599e-07 -7.5422084373427285142e-08 2.5225800193011963827e-07 -5.8320190217454179145e-08 4.8129637413264312686e-08 -7.9652944354596612804e-09   0   0   0   0   0   0   0   0   0   0   0   0   0   0
	 -3.155745998926971334e-09 5.8222414550468154403e-10 -2.0398003622002845046e-08 -2.4111247570203435125e-08 -5.1645088049962951576e-08 1.0987015138273755036e-07 -4.8154326606708517968e-08 2.0985808956022378376e-07 -7.5422084373427285142e-08 -4.3596182226664061095e-07 6.1361582810563503234e-08 -3.1317507684089416324e-07 1.5021047100421277889e-07 3.1861487209794632082e-08   0   0   0   0   0   0   0   0   0   0   0   0   0   0
	 3.6600684281758434035e-09 -1.7258207449305498039e-08 -1.3679602940987599946e-08 3.7041508924224731063e-08 3.0416897792686291542e-08 -9.1649071081794552258e-08 -1.3092780859876821032e-07 3.8271164743952880701e-08 2.5225800193011963827e-07 6.1361582810563503234e-08 -3.7310060971099004394e-07 8.7873957278884723827e-08 5.6098372811498369874e-08 8.8782400705870951645e-08   0   0   0   0   0   0   0   0   0   0   0   0   0   0
	 4.4649661574605021613e-09 -7.2367085349591924015e-09 1.2723361581687081804e-08 9.9956180527875263499e-09 4.1852069495975538484e-08 -3.7391073510570755166e-08 8.15773998149274948e-08 -3.0379675545763203765e-08 -5.8320190217454179145e-08 -3.1317507684089416324e-07 8.7873957278884723827e-08 -5.7584173665956385421e-07 -5.4194786263493495001e-08 -1.9221185569804906761e-07   0   0   0   0   0   0   0   0   0   0   0   0   0   0
	 5.3314021490866975578e-10 2.1038544917904550519e-09 -2.2398615726932645899e-08 1.2415709448737079829e-08 -5.5923697790938267471e-08 5.3957715766024434366e-08 -1.181083907679865089e-07 8.6845994669184166022e-08 4.8129637413264312686e-08 1.5021047100421277889e-07 5.6098372811498369874e-08 -5.4194786263493495001e-08 -8.5079396184865547105e-08 -2.0218669742545561848e-07   0   0   0   0   0   0   0   0   0   0   0   0   0   0
	 -7.4546934265600046148e-09 2.1393118819375180402e-08 -3.0325670080477001067e-08 -1.8563094205243531761e-09 1.3511859505626868362e-08 -6.6835535539489375361e-09 -2.6750555085160526632e-08 -6.863277574171861879e-09 -7.9652944354596612804e-09 3.1861487209794632082e-08 8.8782400705870951645e-08 -1.9221185569804906761e-07 -2.0218669742545561848e-07 -1.0064057699439448999e-07   0   0   0   0   0   0   0   0   0   0   0   0   0   0
	   0   0   0   0   0   0   0   0   0   0   0   0   0   0   0   0   0   0   0   0   0   0   0   0   0   0   0   0
	   0   0   0   0   0   0   0   0   0   0   0   0   0   0   0   0   0   0   0   0   0   0   0   0   0   0   0   0
	   0   0   0   0   0   0   0   0   0   0   0   0   0   0   0   0   0   0   0   0   0   0   0   0   0   0   0   0
	   0   0   0   0   0   0   0   0   0   0   0   0   0   0   0   0   0   0   0   0   0   0   0   0   0   0   0   0
	   0   0   0   0   0   0   0   0   0   0   0   0   0   0   0   0   0   0   0   0   0   0   0   0   0   0   0   0
	   0   0   0   0   0   0   0   0   0   0   0   0   0   0   0   0   0   0   0   0   0   0   0   0   0   0   0   0
	   0   0   0   0   0   0   0   0   0   0   0   0   0   0   0   0   0   0   0   0   0   0   0   0   0   0   0   0
	   0   0   0   0   0   0   0   0   0   0   0   0   0   0   0   0   0   0   0   0   0   0   0   0   0   0   0   0
	   0   0   0   0   0   0   0   0   0   0   0   0   0   0   0   0   0   0   0   0   0   0   0   0   0   0   0   0
	   0   0   0   0   0   0   0   0   0   0   0   0   0   0   0   0   0   0   0   0   0   0   0   0   0   0   0   0
	   0   0   0   0   0   0   0   0   0   0   0   0   0   0   0   0   0   0   0   0   0   0   0   0   0   0   0   0
	   0   0   0   0   0   0   0   0   0   0   0   0   0   0   0   0   0   0   0   0   0   0   0   0   0   0   0   0
	   0   0   0   0   0   0   0   0   0   0   0   0   0   0   0   0   0   0   0   0   0   0   0   0   0   0   0   0
	   0   0   0   0   0   0   0   0   0   0   0   0   0   0   0   0   0   0   0   0   0   0   0   0   0   0   0   0
	
28 28	
	 2.9553718680394196691e-07 4.3768013060124317069e-08 -1.698324395894135402e-08 3.6084066101820413045e-09 -1.4095744875080566015e-08 -5.8452140957524779975e-09 -3.8297612056856410235e-09 -1.6354820804496150385e-09 -1.0520272493947810705e-08 -1.2023172658172622593e-09 -6.7148572181560015551e-09 2.0044285996545845168e-09 -1.4688324327012863509e-09 -7.2235230502303160664e-09   0   0   0   0   0   0   0   0   0   0   0   0   0   0
	 4.3768013060124317069e-08 1.4186651458349328316e-08 -6.6294488850037227165e-09 1.2634663680028879497e-08 -4.4139573545670001395e-09 -8.2086100257589823172e-09 -3.4502320517056425126e-09 3.229755414947400172e-10 4.577655649449734588e-09 -5.1988463684406688539e-09 -6.0220145995787315852e-09 -2.1889033925577388254e-08 -6.48817782799754781e-09 3.2018603864020430795e-08   0   0   0   0   0   0   0   0   0   0   0   0   0   0
	 -1.698324395894135402e-08 -6.6294488850037227165e-09 -3.3530830572946019013e-08 1.234981123814939857e-08 -1.5787587844527026279e-08 -2.0673408973423061373e-08 -6.9435237769868158564e-09 -7.7785784328059675243e-09 -2.2937619989620706873e-09 -6.0901884712707235894e-09 -1.070319368630196399e-08 7.626439890047549348e-09 1.325320764306057893e-10 -1.3362831153467538041e-08   0   0   0   0   0   0   0   0   0   0   0   0   0   0
	 3.6084066101820413045e-09 1.2634663680028879497e-08 1.234981123814939857e-08 -3.7445875572892725522e-08 -7.3139432503877908295e-09 1.9767552095981510152e-08 -3.0177341829075119866e-08 8.5720899411989226726e-09 -2.0793106131546768081e-08 -1.1721672334405947704e-08 1.0677383836886028475e-08 1.5507409603197992112e-08 -2.0651515847571054199e-09 1.0477196887601184671e-08   0   0   0   0   0   0   0   0   0   0   0   0   0   0
