50
22 22	
	 2.9769575372683142651e-07 7.8021633891113019195e-08 -6.3143994919683139396e-08 -7.0982653727505905903e-09 3.1804305211994889271e-08 -1.344446945812177648e-08 -2.322597908392281896e-08 5.1684242267665446253e-09 -1.5388689649689778344e-08 -9.0436748505253485618e-09 -1.580698909087601126e-08   0   0   0   0   0   0   0   0   0   0   0
	 7.8021633891113019195e-08 6.7626407569760199593e-08 -4.9203478503910972071e-09 1.1232701654735938643e-08 -6.199293975991649997e-10 -1.1098927020309216876e-08 9.3652658265894976258e-09 7.5837496030650154725e-10 -3.0039331658596501113e-11 -5.9397792737007111328e-09 3.2576318668355662889e-09   0   0   0   0   0   0   0   0   0   0   0
	 -6.3143994919683139396e-08 -4.9203478503910972071e-09 8.0570920327145632526e-08 4.0337194550436202904e-09 -3.1944764235568190741e-08 5.2463220075792710274e-09 3.4831603352385141158e-08 -4.1213435106835575321e-09 4.8502830068150182823e-09 2.2309471196916376e-08 1.9091509632483600047e-08   0   0   0   0   0   0   0   0   0   0   0
	 -7.0982653727505905903e-09 1.1232701654735938643e-08 4.0337194550436202904e-09 3.5670080168760442417e-08 6.7827132809687213189e-09 3.2985838814145724778e-08 2.206149799159205458e-08 1.5556413324895874787e-08 3.4474150703588886792e-08 3.0162446852940308642e-09 -1.0328307813256334045e-08   0   0   0   0   0   0   0   0   0   0   0
	 3.1804305211994889271e-08 -6.199293975991649997e-10 -3.1944764235568190741e-08 6.7827132809687213189e-09 1.1271282687180190023e-07 3.5006839281789308251e-08 1.0365125407519941408e-07 -4.5137323891707631623e-08 -7.7536471191716406465e-08 5.4731974170973198386e-08 -5.2964876751505324177e-08   0   0   0   0   0   0   0   0   0   0   0
	 -1.344446945812177648e-08 -1.1098927020309216876e-08 5.2463220075792710274e-09 3.2985838814145724778e-08 3.5006839281789308251e-08 3.7769737819637862507e-07 1.6375815911367295714e-07 9.2790346897134559144e-08 -1.4076624145343937037e-08 -5.5793503054193730694e-08 -1.0756719517176615086e-07   0   0   0   0   0   0   0   0   0   0   0
	 -2.322597908392281896e-08 9.3652658265894976258e-09 3.4831603352385141158e-08 2.206149799159205458e-08 1.0365125407519941408e-07 1.6375815911367295714e-07 2.4529170127063403887e-07 -7.3419598140019617687e-08 -1.6813513941714198596e-07 5.1680333166744140384e-08 -1.4461947763485338368e-08   0   0   0   0   0   0   0   0   0   0   0
	 5.1684242267665446253e-09 7.5837496030650154725e-10 -4.1213435106835575321e-09 1.5556413324895874787e-08 -4.5137323891707631623e-08 9.2790346897134559144e-08 -7.3419598140019617687e-08 5.4540460704863428555e-07 -2.8465732682604203868e-08 6.0918091849804322429e-08 -5.5447416688345295437e-08   0   0   0   0   0   0   0   0   0   0   0
	 -1.5388689649689778344e-08 -3.0039331658596501113e-11 4.8502830068150182823e-09 3.4474150703588886792e-08 -7.7536471191716406465e-08 -1.4076624145343937037e-08 -1.6813513941714198596e-07 -2.8465732682604203868e-08 4.9323744197498105556e-07 -2.342484232060970194e-08 -2.2694029800738929204e-07   0   0   0   0   0   0   0   0   0   0   0
	 -9.0436748505253485618e-09 -5.9397792737007111328e-09 2.2309471196916376e-08 3.0162446852940308642e-09 5.4731974170973198386e-08 -5.5793503054193730694e-08 5.1680333166744140384e-08 6.0918091849804322429e-08 -2.342484232060970194e-08 5.694387629607436311e-07 2.9050610752978813738e-08   0   0   0   0   0   0   0   0   0   0   0
	 -1.580698909087601126e-08 3.2576318668355662889e-09 1.9091509632483600047e-08 -1.0328307813256334045e-08 -5.2964876751505324177e-08 -1.0756719517176615086e-07 -1.4461947763485338368e-08 -5.5447416688345295437e-08 -2.2694029800738929204e-07 2.9050610752978813738e-08 2.8597328049122728069e-07   0   0   0   0   0   0   0   0   0   0   0
	   0   0   0   0   0   0   0   0   0   0   0   0   0   0   0   0   0   0   0   0   0   0
	   0   0   0   0   0   0   0   0   0   0   0   0   0   0   0   0   0   0   0   0   0   0
	   0   0   0   0   0   0   0   0   0   0   0   0   0   0   0   0   0   0   0   0   0   0
	   0   0   0   0   0   0   0   0   0   0   0   0   0   0   0   0   0   0   0   0   0   0
	   0   0   0   0   0   0   0   0   0   0   0   0   0   0   0   0   0   0   0   0   0   0
	   0   0   0   0   0   0   0   0   0   0   0   0   0   0   0   0   0   0   0   0   0   0
	   0   0   0   0   0   0   0   0   0   0   0   0   0   0   0   0   0   0   0   0   0   0
	   0   0   0   0   0   0   0   0   0   0   0   0   0   0   0   0   0   0   0   0   0   0
	   0   0   0   0   0   0   0   0   0   0   0   0   0   0   0   0   0   0   0   0   0   0
	   0   0   0   0   0   0   0   0   0   0   0   0   0   0   0   0   0   0   0   0   0   0
	   0   0   0   0   0   0   0   0   0   0   0   0   0   0   0   0   0   0   0   0   0   0
	
22 22	
	 2.8549603950173720035e-06 4.8039983541018610475e-07 -3.2016111681329493799e-07 -2.7376580540884991138e-08 1.8003284604472231262e-07 -3.7541687281907463115e-08 -1.3562151445524490407e-07 1.2092755902932455626e-08 -8.2081348787880292873e-08 -3.6589726334135992756e-08 -1.2039841926934882919e-07   0   0   0   0   0   0   0   0   0   0   0
	 4.8039983541018610475e-07 2.1630595961794054012e-07 -5.7065178752372445012e-09 3.4628700432596834489e-08 -1.1197521364274342366e-08 1.3329099747274513642e-08 1.3481637179875312487e-09 1.0306120078538406931e-08 1.6279132318460325925e-08 7.8108572527246167227e-09 1.236979429680961222e-08   0   0   0   0   0   0   0   0   0   0   0
	 -3.2016111681329493799e-07 -5.7065178752372445012e-09 1.1035017144622020286e-07 2.5084355775272079876e-08 -8.866553689997175768e-08 -8.8506539908901737518e-09 1.0236440320334137172e-08 -2.1257588668144322113e-08 3.067061218506845286e-08 -7.6102012015674952808e-09 6.3851637337509729238e-08   0   0   0   0   0   0   0   0   0   0   0
	 -2.7376580540884991138e-08 3.4628700432596834489e-08 2.5084355775272079876e-08 2.3756175280371125561e-08 8.4169748331413308204e-09 -1.3120687118882720218e-08 5.9134473671977402983e-08 -1.828226959408274804e-08 -4.1801251464097983096e-08 1.0295378364946862048e-08 2.2681638862476079705e-08   0   0   0   0   0   0   0   0   0   0   0
	 1.8003284604472231262e-07 -1.1197521364274342366e-08 -8.866553689997175768e-08 8.4169748331413308204e-09 3.5623482813758742428e-08 -1.9999820443295615367e-08 -2.6919910398865508628e-08 -1.0984947506023293213e-07 -3.3010832198092832237e-08 -1.8445561123846587306e-08 5.222530399523181042e-08   0   0   0   0   0   0   0   0   0   0   0
	 -3.7541687281907463115e-08 1.3329099747274513642e-08 -8.8506539908901737518e-09 -1.3120687118882720218e-08 -1.9999820443295615367e-08 3.0202757574936057543e-07 1.4661858362452085321e-07 -5.2810104107467498216e-08 -2.0506904294790513642e-07 -2.4418663929740481075e-07 6.4678978247895182871e-08   0   0   0   0   0   0   0   0   0   0   0
	 -1.3562151445524490407e-07 1.3481637179875312487e-09 1.0236440320334137172e-08 5.9134473671977402983e-08 -2.6919910398865508628e-08 1.4661858362452085321e-07 5.7809107821840496045e-08 -1.5621834060443661535e-07 1.1456561526372134703e-08 -1.7361573937032673913e-07 7.919197799494899523e-08   0   0   0   0   0   0   0   0   0   0   0
	 1.2092755902932455626e-08 1.0306120078538406931e-08 -2.1257588668144322113e-08 -1.828226959408274804e-08 -1.0984947506023293213e-07 -5.2810104107467498216e-08 -1.5621834060443661535e-07 6.2645396024670027121e-07 -2.5477380951728105967e-07 1.1501096209018013477e-07 1.8392724792768681484e-07   0   0   0   0   0   0   0   0   0   0   0
	 -8.2081348787880292873e-08 1.6279132318460325925e-08 3.067061218506845286e-08 -4.1801251464097983096e-08 -3.3010832198092832237e-08 -2.0506904294790513642e-07 1.1456561526372134703e-08 -2.5477380951728105967e-07 -5.1575101442767142989e-08 1.831020291587428351e-07 7.0740595814649869742e-08   0   0   0   0   0   0   0   0   0   0   0
	 -3.6589726334135992756e-08 7.8108572527246167227e-09 -7.6102012015674952808e-09 1.0295378364946862048e-08 -1.8445561123846587306e-08 -2.4418663929740481075e-07 -1.7361573937032673913e-07 1.1501096209018013477e-07 1.831020291587428351e-07 5.5309866265246192202e-07 3.3827235120966543271e-08   0   0   0   0   0   0   0   0   0   0   0
	 -1.2039841926934882919e-07 1.236979429680961222e-08 6.3851637337509729238e-08 2.2681638862476079705e-08 5.222530399523181042e-08 6.4678978247895182871e-08 7.919197799494899523e-08 1.8392724792768681484e-07 7.0740595814649869742e-08 3.3827235120966543271e-08 -1.2830949700355223512e-07   0   0   0   0   0   0   0   0   0   0   0
	   0   0   0   0   0   0   0   0   0   0   0   0   0   0   0   0   0   0   0   0   0   0
	   0   0   0   0   0   0   0   0   0   0   0   0   0   0   0   0   0   0   0   0   0   0
	   0   0   0   0   0   0   0   0   0   0   0   0   0   0   0   0   0   0   0   0   0   0
	   0   0   0   0   0   0   0   0   0   0   0   0   0   0   0   0   0   0   0   0   0   0
	   0   0   0   0   0   0   0   0   0   0   0   0   0   0   0   0   0   0   0   0   0   0
	   0   0   0   0   0   0   0   0   0   0   0   0   0   0   0   0   0   0   0   0   0   0
	   0   0   0   0   0   0   0   0   0   0   0   0   0   0   0   0   0   0   0   0   0   0
	   0   0   0   0   0   0   0   0   0   0   0   0   0   0   0   0   0   0   0   0   0   0
	   0   0   0   0   0   0   0   0   0   0   0   0   0   0   0   0   0   0   0   0   0   0
	   0   0   0   0   0   0   0   0   0   0   0   0   0   0   0   0   0   0   0   0   0   0
	   0   0   0   0   0   0   0   0   0   0   0   0   0   0   0   0   0   0   0   0   0   0
	
22 22	
	 5.292444621563174746e-07 8.1536045220399853018e-08 -1.9367009576219292317e-08 2.0704633798655075308e-08 2.4412585060507138521e-08 -1.635165515006910419e-08 -9.9756625812994707333e-09 -4.8250710517466544087e-10 -1.1716873810867688582e-08 -1.183103716370746433e-08 -6.4847956700970726717e-09   0   0   0   0   0   0   0   0   0   0   0
	 8.1536045220399853018e-08 4.0053167043631949262e-08 -2.2653255481595351947e-08 -1.2819245899831866749e-08 1.756226494370638931e-08 1.0405845531112319845e-09 -2.1992489244438776012e-08 5.3508773243552784823e-09 6.6633548882125468811e-09 -1.09180232969342748e-08 -3.3517934760424465234e-08   0   0   0   0   0   0   0   0   0   0   0
	 -1.9367009576219292317e-08 -2.2653255481595351947e-08 -1.7952172697710131138e-07 2.7575734769870821078e-09 6.005023001630769926e-08 -2.8165747351007916517e-08 -6.1467912516066817214e-08 -1.2256117041099252425e-09 -5.1676956855907835199e-09 -4.9434015168674639791e-08 -2.379069135985793931e-08   0   0   0   0   0   0   0   0   0   0   0
	 2.0704633798655075308e-08 -1.2819245899831866749e-08 2.7575734769870821078e-09 -2.37186230819316088e-08 -1.1721326784643626336e-08 -3.6621467340457958862e-08 -5.0475523015447402688e-09 -8.9082796114276267718e-09 -5.9636916430890682526e-08 -1.2255284399277440417e-08 3.017746302084633268e-08   0   0   0   0   0   0   0   0   0   0   0
	 2.4412585060507138521e-08 1.756226494370638931e-08 6.005023001630769926e-08 -1.1721326784643626336e-08 -1.5460819027149571665e-07 -1.0889735414945554165e-08 -1.3155105091922925185e-07 4.8026820294693521703e-08 8.7429690781427780318e-08 -1.1192206993642286212e-07 8.4892354671826303438e-08   0   0   0   0   0   0   0   0   0   0   0
	 -1.635165515006910419e-08 1.0405845531112319845e-09 -2.8165747351007916517e-08 -3.6621467340457958862e-08 -1.0889735414945554165e-08 -6.4200242532153864369e-07 -2.5886790108997331919e-07 -2.611851552359047959e-08 -8.4892918877941257148e-08 9.7151092643074173691e-08 2.0866902164911588793e-07   0   0   0   0   0   0   0   0   0   0   0
	 -9.9756625812994707333e-09 -2.1992489244438776012e-08 -6.1467912516066817214e-08 -5.0475523015447402688e-09 -1.3155105091922925185e-07 -2.5886790108997331919e-07 -3.4655138397371914254e-07 1.3632678027388132369e-07 2.1421076010216785791e-07 -1.321841967758545028e-07 5.0591114457288970411e-08   0   0   0   0   0   0   0   0   0   0   0
	 -4.8250710517466544087e-10 5.3508773243552784823e-09 -1.2256117041099252425e-09 -8.9082796114276267718e-09 4.8026820294693521703e-08 -2.611851552359047959e-08 1.3632678027388132369e-07 -8.6230784472326942755e-07 1.0527165746623417599e-07 1.0773738801280082357e-07 9.1615328539827334293e-08   0   0   0   0   0   0   0   0   0   0   0
	 -1.1716873810867688582e-08 6.6633548882125468811e-09 -5.1676956855907835199e-09 -5.9636916430890682526e-08 8.7429690781427780318e-08 -8.4892918877941257148e-08 2.1421076010216785791e-07 1.0527165746623417599e-07 -8.2308181985502588422e-07 -3.2916566759925776503e-08 3.9037963573428611724e-07   0   0   0   0   0   0   0   0   0   0   0
	 -1.183103716370746433e-08 -1.09180232969342748e-08 -4.9434015168674639791e-08 -1.2255284399277440417e-08 -1.1192206993642286212e-07 9.7151092643074173691e-08 -1.321841967758545028e-07 1.0773738801280082357e-07 -3.2916566759925776503e-08 -1.2614626341154799129e-06 -8.171614793304566807e-08   0   0   0   0   0   0   0   0   0   0   0
	 -6.4847956700970726717e-09 -3.3517934760424465234e-08 -2.379069135985793931e-08 3.017746302084633268e-08 8.4892354671826303438e-08 2.0866902164911588793e-07 5.0591114457288970411e-08 9.1615328539827334293e-08 3.9037963573428611724e-07 -8.171614793304566807e-08 -4.4844213589853337073e-07   0   0   0   0   0   0   0   0   0   0   0
	   0   0   0   0   0   0   0   0   0   0   0   0   0   0   0   0   0   0   0   0   0   0
	   0   0   0   0   0   0   0   0   0   0   0   0   0   0   0   0   0   0   0   0   0   0
	   0   0   0   0   0   0   0   0   0   0   0   0   0   0   0   0   0   0   0   0   0   0
	   0   0   0   0   0   0   0   0   0   0   0   0   0   0   0   0   0   0   0   0   0   0
	   0   0   0   0   0   0   0   0   0   0   0   0   0   0   0   0   0   0   0   0   0   0
	   0   0   0   0   0   0   0   0   0   0   0   0   0   0   0   0   0   0   0   0   0   0
	   0   0   0   0   0   0   0   0   0   0   0   0   0   0   0   0   0   0   0   0   0   0
	   0   0   0   0   0   0   0   0   0   0   0   0   0   0   0   0   0   0   0   0   0   0
	   0   0   0   0   0   0   0   0   0   0   0   0   0   0   0   0   0   0   0   0   0   0
	   0   0   0   0   0   0   0   0   0   0   0   0   0   0   0   0   0   0   0   0   0   0
	   0   0   0   0   0   0   0   0   0   0   0   0   0   0   0   0   0   0   0   0   0   0
	
22 22	
	 8.6883211398379032785e-08 8.134058116575859625e-09 1.4261911339557790687e-08 1.9061688630688548516e-08 3.9936352595491868276e-09 -9.6342240106182270621e-09 4.6117085782175939801e-09 2.1720044946515909178e-09 -1.4591895465232356687e-09 -6.5861377995306555363e-09 5.8418173776741603418e-09   0   0   0   0   0   0   0   0   0   0   0
	 8.134058116575859625e-09 1.311326275787461541e-08 -4.3154026978548059294e-08 -1.5209898020919691295e-08 2.684010456697567949e-09 5.9845249648634655886e-09 -2.3828821824664514761e-08 2.2745274141311275879e-09 1.1402974924065175361e-08 -1.7882621776729626564e-08 -1.9195890254511146159e-08   0   0   0   0   0   0   0   0   0   0   0
	 1.4261911339557790687e-08 -4.3154026978548059294e-08 -1.5776785621501065215e-07 3.9794689473588465771e-08 6.0211164733949332181e-08 -4.1124702844292018409e-08 -5.6753733269691740911e-08 2.4360211658409736729e-08 1.1380156175136606957e-08 -4.8788194432227422153e-08 -1.7385981097567546274e-08   0   0   0   0   0   0   0   0   0   0   0
	 1.9061688630688548516e-08 -1.5209898020919691295e-08 3.9794689473588465771e-08 -3.9393241663591456795e-09 1.9245915264555565741e-08 -5.3215934467437200228e-08 2.8241372588162993377e-08 -5.002993628852053622e-08 -8.5917399925523089015e-08 -5.3585688010772506135e-09 3.963911252478499095e-08   0   0   0   0   0   0   0   0   0   0   0
	 3.9936352595491868276e-09 2.684010456697567949e-09 6.0211164733949332181e-08 1.9245915264555565741e-08 -1.3863933764761524571e-07 -9.1881828844968516109e-08 -1.6103232526200295737e-07 -4.1622647506438416561e-08 1.5911060170050949188e-07 -1.2748063213605447224e-07 6.190567991777614524e-08   0   0   0   0   0   0   0   0   0   0   0
	 -9.6342240106182270621e-09 5.9845249648634655886e-09 -4.1124702844292018409e-08 -5.3215934467437200228e-08 -9.1881828844968516109e-08 -4.7178243954555503504e-07 -2.3201208717193016319e-07 -1.97284434184624563e-07 -6.3190281371243819478e-08 -1.7109318020515317975e-07 2.3162124163297549972e-07   0   0   0   0   0   0   0   0   0   0   0
	 4.6117085782175939801e-09 -2.3828821824664514761e-08 -5.6753733269691740911e-08 2.8241372588162993377e-08 -1.6103232526200295737e-07 -2.3201208717193016319e-07 -3.8353544628023614175e-07 2.118803248522760277e-08 3.812624649749769616e-07 -2.6265302346479217097e-07 -2.6445274947343264148e-09   0   0   0   0   0   0   0   0   0   0   0
	 2.1720044946515909178e-09 2.2745274141311275879e-09 2.4360211658409736729e-08 -5.002993628852053622e-08 -4.1622647506438416561e-08 -1.97284434184624563e-07 2.118803248522760277e-08 -6.4202458230933841676e-07 -8.3191608414342486946e-08 -2.7529845053451258993e-08 2.6142263021494697727e-07   0   0   0   0   0   0   0   0   0   0   0
	 -1.4591895465232356687e-09 1.1402974924065175361e-08 1.1380156175136606957e-08 -8.5917399925523089015e-08 1.5911060170050949188e-07 -6.3190281371243819478e-08 3.812624649749769616e-07 -8.3191608414342486946e-08 -9.8293136191357129104e-07 1.2404588475031377606e-07 4.360272565040317922e-07   0   0   0   0   0   0   0   0   0   0   0
	 -6.5861377995306555363e-09 -1.7882621776729626564e-08 -4.8788194432227422153e-08 -5.3585688010772506135e-09 -1.2748063213605447224e-07 -1.7109318020515317975e-07 -2.6265302346479217097e-07 -2.7529845053451258993e-08 1.2404588475031377606e-07 -8.3635358037707885626e-07 1.8794167724176313751e-08   0   0   0   0   0   0   0   0   0   0   0
	 5.8418173776741603418e-09 -1.9195890254511146159e-08 -1.7385981097567546274e-08 3.963911252478499095e-08 6.190567991777614524e-08 2.3162124163297549972e-07 -2.6445274947343264148e-09 2.6142263021494697727e-07 4.360272565040317922e-07 1.8794167724176313751e-08 -4.6490780766120554984e-07   0   0   0   0   0   0   0   0   0   0   0
	   0   0   0   0   0   0   0   0   0   0   0   0   0   0   0   0   0   0   0   0   0   0
	   0   0   0   0   0   0   0   0   0   0   0   0   0   0   0   0   0   0   0   0   0   0
	   0   0   0   0   0   0   0   0   0   0   0   0   0   0   0   0   0   0   0   0   0   0
	   0   0   0   0   0   0   0   0   0   0   0   0   0   0   0   0   0   0   0   0   0   0
	   0   0   0   0   0   0   0   0   0   0   0   0   0   0   0   0   0   0   0   0   0   0
	   0   0   0   0   0   0   0   0   0   0   0   0   0   0   0   0   0   0   0   0   0   0
	   0   0   0   0   0   0   0   0   0   0   0   0   0   0   0   0   0   0   0   0   0   0
	   0   0   0   0   0   0   0   0   0   0   0   0   0   0   0   0   0   0   0   0   0   0
	   0   0   0   0   0   0   0   0   0   0   0   0   0   0   0   0   0   0   0   0   0   0
	   0   0   0   0   0   0   0   0   0   0   0   0   0   0   0   0   0   0   0   0   0   0
	   0   0   0   0   0   0   0   0   0   0   0   0   0   0   0   0   0   0   0   0   0   0
	
22 22	
	 -2.5080599381249396495e-08 -1.0110153442577146856e-08 1.4799748618843334275e-08 5.3642150056666528669e-09 -3.2510426393915604226e-09 -2.8968711565405105901e-09 3.9053149738906084862e-09 4.2352301914617451708e-10 6.1324027461809415298e-10 -3.1352271899430290021e-09 4.6772090586557162912e-09   0   0   0   0   0   0   0   0   0   0   0
	 -1.0110153442577146856e-08 -9.1393204944786831351e-09 -3.384502986868698949e-08 1.2747075901224765933e-08 1.4742752226164719182e-08 9.2451513108587850251e-09 -1.9662683853767933486e-10 5.3979605776570100246e-09 8.6586038364619256013e-09 -1.8943390857065531257e-09 -1.4174562229714134772e-08   0   0   0   0   0   0   0   0   0   0   0
	 1.4799748618843334275e-08 -3.384502986868698949e-08 -6.284048150291064196e-08 3.3348546615994206271e-08 5.4107391005657132814e-08 -3.5132701058141858532e-08 -1.8698993548433364237e-08 1.9234786235903931183e-08 -4.0813511651554937149e-09 -3.3388945525115198129e-08 -1.2774832319909123683e-08   0   0   0   0   0   0   0   0   0   0   0
	 5.3642150056666528669e-09 1.2747075901224765933e-08 3.3348546615994206271e-08 -4.030553720575463773e-08 -1.3175307488790899611e-08 -6.5757682840242082434e-08 -1.6793810776476029537e-08 -5.4362837105526361742e-08 -2.2781927040730004448e-08 -2.2799685694923308502e-10 2.5802321540693573694e-08   0   0   0   0   0   0   0   0   0   0   0
	 -3.2510426393915604226e-09 1.4742752226164719182e-08 5.4107391005657132814e-08 -1.3175307488790899611e-08 -1.2081332388709344162e-07 -8.9419726863607609885e-08 -1.5489433729894967964e-07 4.3619150031919407467e-08 1.3588119338291491172e-07 -1.6060316397595072777e-08 3.2298372750543310062e-08   0   0   0   0   0   0   0   0   0   0   0
	 -2.8968711565405105901e-09 9.2451513108587850251e-09 -3.5132701058141858532e-08 -6.5757682840242082434e-08 -8.9419726863607609885e-08 -3.9663340684458035592e-07 -2.0688572855215950632e-07 -2.4843243366554178485e-07 1.259295850516813911e-07 -8.8251723255321713142e-08 5.7049137007384410907e-08   0   0   0   0   0   0   0   0   0   0   0
	 3.9053149738906084862e-09 -1.9662683853767933486e-10 -1.8698993548433364237e-08 -1.6793810776476029537e-08 -1.5489433729894967964e-07 -2.0688572855215950632e-07 -2.9110811895962365669e-07 4.9277780989651883793e-08 2.8626380159499839409e-07 -5.6388306337516867785e-08 -2.0732359943105057233e-08   0   0   0   0   0   0   0   0   0   0   0
	 4.2352301914617451708e-10 5.3979605776570100246e-09 1.9234786235903931183e-08 -5.4362837105526361742e-08 4.3619150031919407467e-08 -2.4843243366554178485e-07 4.9277780989651883793e-08 -6.5339304528011160941e-07 -1.5611548853652082198e-08 -1.6806743561569062887e-07 8.457820416618543257e-08   0   0   0   0   0   0   0   0   0   0   0
	 6.1324027461809415298e-10 8.6586038364619256013e-09 -4.0813511651554937149e-09 -2.2781927040730004448e-08 1.3588119338291491172e-07 1.259295850516813911e-07 2.8626380159499839409e-07 -1.5611548853652082198e-08 -5.7686532339664840789e-07 4.1921023974049719284e-08 2.4604705956652039279e-07   0   0   0   0   0   0   0   0   0   0   0
	 -3.1352271899430290021e-09 -1.8943390857065531257e-09 -3.3388945525115198129e-08 -2.2799685694923308502e-10 -1.6060316397595072777e-08 -8.8251723255321713142e-08 -5.6388306337516867785e-08 -1.6806743561569062887e-07 4.1921023974049719284e-08 -1.849764695033467171e-07 5.5428903543634816488e-08   0   0   0   0   0   0   0   0   0   0   0
	 4.6772090586557162912e-09 -1.4174562229714134772e-08 -1.2774832319909123683e-08 2.5802321540693573694e-08 3.2298372750543310062e-08 5.7049137007384410907e-08 -2.0732359943105057233e-08 8.457820416618543257e-08 2.4604705956652039279e-07 5.5428903543634816488e-08 -2.3585363449189091666e-07   0   0   0   0   0   0   0   0   0   0   0
	   0   0   0   0   0   0   0   0   0   0   0   0   0   0   0   0   0   0   0   0   0   0
	   0   0   0   0   0   0   0   0   0   0   0   0   0   0   0   0   0   0   0   0   0   0
	   0   0   0   0   0   0   0   0   0   0   0   0   0   0   0   0   0   0   0   0   0   0
	   0   0   0   0   0   0   0   0   0   0   0   0   0   0   0   0   0   0   0   0   0   0
	   0   0   0   0   0   0   0   0   0   0   0   0   0   0   0   0   0   0   0   0   0   0
	   0   0   0   0   0   0   0   0   0   0   0   0   0   0   0   0   0   0   0   0   0   0
	   0   0   0   0   0   0   0   0   0   0   0   0   0   0   0   0   0   0   0   0   0   0
	   0   0   0   0   0   0   0   0   0   0   0   0   0   0   0   0   0   0   0   0   0   0
	   0   0   0   0   0   0   0   0   0   0   0   0   0   0   0   0   0   0   0   0   0   0
	   0   0   0   0   0   0   0   0   0   0   0   0   0   0   0   0   0   0   0   0   0   0
	   0   0   0   0   0   0   0   0   0   0   0   0   0   0   0   0   0   0   0   0   0   0
	
22 22	
	 2.9553718680394196691e-07 4.3768013060124317069e-08 -1.7020896805859960084e-08 1.9478333519603826034e-09 1.4282363292042256264e-08 -4.3792215233130774001e-09 -7.4545086020409359212e-09 -6.0018056754623886323e-10 -7.181353663934550747e-09 -3.6499788296105428982e-09 -9.0455481641166588379e-09   0   0   0   0   0   0   0   0   0   0   0
	 4.3768013060124317069e-08 1.4186651458349328316e-08 -6.6920813717113560542e-09 1.157159073032561375e-08 8.2790605953161430652e-09 2.7960792817192293737e-09 -5.6259681482039079853e-09 1.0722309137942086572e-09 7.1310396004551144553e-09 -4.2129692420469011355e-09 -5.8514126554476094523e-09   0   0   0   0   0   0   0   0   0   0   0
	 -1.7020896805859960084e-08 -6.6920813717113560542e-09 -3.3691233558550610228e-08 9.4864606678368563397e-09 2.3141168502923472347e-08 4.6695504687185285842e-09 -1.4330731144983495917e-08 7.792377523330312324e-09 1.328289454041069702e-09 -1.099209762930803127e-08 -1.1013855634602484241e-08   0   0   0   0   0   0   0   0   0   0   0
	 1.9478333519603826034e-09 1.157159073032561375e-08 9.4864606678368563397e-09 -3.4909881941046177684e-08 -6.7163070174607220965e-09 -2.8590136643436746643e-08 -1.4963489543744846408e-08 -1.43389377707707395e-08 -1.8308656446611864113e-08 -6.830183398638076415e-09 4.1926746713482871085e-09   0   0   0   0   0   0   0   0   0   0   0
	 1.4282363292042256264e-08 8.2790605953161430652e-09 2.3141168502923472347e-08 -6.7163070174607220965e-09 -7.0665811300627049244e-08 -2.058812580368262052e-08 -7.6111728236518683607e-08 3.8690018076344327063e-08 5.7488758596393319108e-08 -2.2642074558395848439e-08 1.8113625335260877086e-08   0   0   0   0   0   0   0   0   0   0   0
	 -4.3792215233130774001e-09 2.7960792817192293737e-09 4.6695504687185285842e-09 -2.8590136643436746643e-08 -2.058812580368262052e-08 -2.4944161927440885553e-07 -1.0778080422542764905e-07 -7.2933846531731424704e-08 4.8099814912053612495e-08 1.0233897562341313506e-08 2.9248534421824769901e-08   0   0   0   0   0   0   0   0   0   0   0
	 -7.4545086020409359212e-09 -5.6259681482039079853e-09 -1.4330731144983495917e-08 -1.4963489543744846408e-08 -7.6111728236518683607e-08 -1.0778080422542764905e-07 -1.37261086876745614e-07 5.8187085704549095692e-08 1.1469583137848581247e-07 -1.850982485825778002e-08 -9.1665180175579677945e-09   0   0   0   0   0   0   0   0   0   0   0
	 -6.0018056754623886323e-10 1.0722309137942086572e-09 7.792377523330312324e-09 -1.43389377707707395e-08 3.8690018076344327063e-08 -7.2933846531731424704e-08 5.8187085704549095692e-08 -3.7031310166329425374e-07 2.9578465573374218849e-08 -2.142585441764474118e-08 1.9283080714184770021e-08   0   0   0   0   0   0   0   0   0   0   0
	 -7.181353663934550747e-09 7.1310396004551144553e-09 1.328289454041069702e-09 -1.8308656446611864113e-08 5.7488758596393319108e-08 4.8099814912053612495e-08 1.1469583137848581247e-07 2.9578465573374218849e-08 -2.5230705038187390541e-07 -2.2850497902233898218e-08 9.1379196411833728835e-08   0   0   0   0   0   0   0   0   0   0   0
	 -3.6499788296105428982e-09 -4.2129692420469011355e-09 -1.099209762930803127e-08 -6.830183398638076415e-09 -2.2642074558395848439e-08 1.0233897562341313506e-08 -1.850982485825778002e-08 -2.142585441764474118e-08 -2.2850497902233898218e-08 -3.5234000693637174798e-07 -1.6234619755245281148e-08   0   0   0   0   0   0   0   0   0   0   0
	 -9.0455481641166588379e-09 -5.8514126554476094523e-09 -1.1013855634602484241e-08 4.1926746713482871085e-09 1.8113625335260877086e-08 2.9248534421824769901e-08 -9.1665180175579677945e-09 1.9283080714184770021e-08 9.1379196411833728835e-08 -1.6234619755245281148e-08 -1.0673252206748218192e-07   0   0   0   0   0   0   0   0   0   0   0
	   0   0   0   0   0   0   0   0   0   0   0   0   0   0   0   0   0   0   0   0   0   0
	   0   0   0   0   0   0   0   0   0   0   0   0   0   0   0   0   0   0   0   0   0   0
	   0   0   0   0   0   0   0   0   0   0   0   0   0   0   0   0   0   0   0   0   0   0
	   0   0   0   0   0   0   0   0   0   0   0   0   0   0   0   0   0   0   0   0   0   0
	   0   0   0   0   0   0   0   0   0   0   0   0   0   0   0   0   0   0   0   0   0   0
	   0   0   0   0   0   0   0   0   0   0   0   0   0   0   0   0   0   0   0   0   0   0
	   0   0   0   0   0   0   0   0   0   0   0   0   0   0   0   0   0   0   0   0   0   0
	   0   0   0   0   0   0   0   0   0   0   0   0   0   0   0   0   0   0   0   0   0   0
	   0   0   0   0   0   0   0   0   0   0   0   0   0   0   0   0   0   0   0   0   0   0
	   0   0   0   0   0   0   0   0   0   0   0   0   0   0   0   0   0   0   0   0   0   0
	   0   0   0   0   0   0   0   0   0   0   0   0   0   0   0   0   0   0   0   0   0   0
	
22 22	
	 1.6258775125312213439e-07 2.6102233294563482139e-08 -1.5983452995449025129e-09 1.3008267355655041536e-08 7.3825323714941009307e-09 -7.8522798994370006799e-09 -1.9483582903964892919e-09 5.0351608718595387852e-10 -8.1569805081080852093e-10 -6.6434724691525245678e-09 -1.3106740162636728425e-09   0   0   0   0   0   0   0   0   0   0   0
	 2.6102233294563482139e-08 1.3165704382168236231e-08 -1.2293423436003430496e-08 -1.7746312826501569153e-08 3.7380766772461222593e-09 -2.7789189003040767795e-09 -9.9362257834933788828e-09 1.3665831093667997021e-09 -1.610496400790466306e-08 2.608019417139984317e-09 3.2804971189696328987e-10   0   0   0   0   0   0   0   0   0   0   0
	 -1.5983452995449025129e-09 -1.2293423436003430496e-08 -1.0353349877274204125e-07 -2.673584861054109676e-09 1.630568429867638282e-08 -2.7884474042471283122e-08 -4.1671202492241101853e-08 -1.1990156185387831641e-08 6.7937462400788477207e-10 -2.9745469212354170762e-08 -2.8453574177311450849e-10   0   0   0   0   0   0   0   0   0   0   0
	 1.3008267355655041536e-08 -1.7746312826501569153e-08 -2.673584861054109676e-09 1.5428676724288213054e-08 3.2128729831032647752e-09 -1.0446854731757917562e-09 8.4522638648242370249e-09 1.0749766935238604264e-08 -1.6803121920973944425e-08 -6.324011985763033598e-09 -3.4602708843438859189e-09   0   0   0   0   0   0   0   0   0   0   0
	 7.3825323714941009307e-09 3.7380766772461222593e-09 1.630568429867638282e-08 3.2128729831032647752e-09 -6.297335954228234743e-08 1.0877009592695517218e-08 -3.9128953475889533978e-08 5.1856861357282725137e-09 2.61380956818867807e-08 -7.5000220650755402783e-08 4.2586948966613114169e-08   0   0   0   0   0   0   0   0   0   0   0
	 -7.8522798994370006799e-09 -2.7789189003040767795e-09 -2.7884474042471283122e-08 -1.0446854731757917562e-09 1.0877009592695517218e-08 -2.7345193037906330108e-07 -1.0421442735600738834e-07 5.3263148207314205087e-08 -1.1494947465166860107e-07 8.6504334067852843619e-08 1.3890504811265914151e-07   0   0   0   0   0   0   0   0   0   0   0
	 -1.9483582903964892919e-09 -9.9362257834933788828e-09 -4.1671202492241101853e-08 8.4522638648242370249e-09 -3.9128953475889533978e-08 -1.0421442735600738834e-07 -1.5507509780891054707e-07 5.8574631456180285789e-08 8.4646583165489604327e-08 -9.1993279814216417483e-08 4.0873813790599339961e-08   0   0   0   0   0   0   0   0   0   0   0
	 5.0351608718595387852e-10 1.3665831093667997021e-09 -1.1990156185387831641e-08 1.0749766935238604264e-08 5.1856861357282725137e-09 5.3263148207314205087e-08 5.8574631456180285789e-08 -3.400530661418655073e-07 6.7234532268060387021e-08 9.6023371714292383965e-08 3.8482235276644837288e-08   0   0   0   0   0   0   0   0   0   0   0
	 -8.1569805081080852093e-10 -1.610496400790466306e-08 6.7937462400788477207e-10 -1.6803121920973944425e-08 2.61380956818867807e-08 -1.1494947465166860107e-07 8.4646583165489604327e-08 6.7234532268060387021e-08 -4.3242390952533522933e-07 1.8070460050375752669e-08 2.2060843351133943858e-07   0   0   0   0   0   0   0   0   0   0   0
	 -6.6434724691525245678e-09 2.608019417139984317e-09 -2.9745469212354170762e-08 -6.324011985763033598e-09 -7.5000220650755402783e-08 8.6504334067852843619e-08 -9.1993279814216417483e-08 9.6023371714292383965e-08 1.8070460050375752669e-08 -6.4841120982920048069e-07 -5.2507288135387569903e-08   0   0   0   0   0   0   0   0   0   0   0
	 -1.3106740162636728425e-09 3.2804971189696328987e-10 -2.8453574177311450849e-10 -3.4602708843438859189e-09 4.2586948966613114169e-08 1.3890504811265914151e-07 4.0873813790599339961e-08 3.8482235276644837288e-08 2.2060843351133943858e-07 -5.2507288135387569903e-08 -2.5792977816581847468e-07   0   0   0   0   0   0   0   0   0   0   0
	   0   0   0   0   0   0   0   0   0   0   0   0   0   0   0   0   0   0   0   0   0   0
	   0   0   0   0   0   0   0   0   0   0   0   0   0   0   0   0   0   0   0   0   0   0
	   0   0   0   0   0   0   0   0   0   0   0   0   0   0   0   0   0   0   0   0   0   0
	   0   0   0   0   0   0   0   0   0   0   0   0   0   0   0   0   0   0   0   0   0   0
	   0   0   0   0   0   0   0   0   0   0   0   0   0   0   0   0   0   0   0   0   0   0
	   0   0   0   0   0   0   0   0   0   0   0   0   0   0   0   0   0   0   0   0   0   0
	   0   0   0   0   0   0   0   0   0   0   0   0   0   0   0   0   0   0   0   0   0   0
	   0   0   0   0   0   0   0   0   0   0   0   0   0   0   0   0   0   0   0   0   0   0
	   0   0   0   0   0   0   0   0   0   0   0   0   0   0   0   0   0   0   0   0   0   0
	   0   0   0   0   0   0   0   0   0   0   0   0   0   0   0   0   0   0   0   0   0   0
	   0   0   0   0   0   0   0   0   0   0   0   0   0   0   0   0   0   0   0   0   0   0
	
22 22	
	 4.4106682903304424081e-07 6.5333544818646988685e-08 -2.1597940313433471115e-08 7.9104910597286841538e-09 2.1196836820425109705e-08 -8.558487634583742651e-09 -1.0555583453596613485e-08 -9.0158064540930383751e-10 -8.8523625434167236656e-09 -7.7760106064637180343e-09 -1.1915745686205200538e-08   0   0   0   0   0   0   0   0   0   0   0
	 6.5333544818646988685e-08 1.9108490421201349413e-08 -1.3979340800006293274e-08 8.8795522335722322255e-09 9.656626954536752552e-09 3.5187224954207405315e-09 -8.0333695728809301651e-09 3.6779461785094731075e-09 -6.8429791564269485327e-10 -1.1837069449275234135e-11 -8.4188928292176650488e-09   0   0   0   0   0   0   0   0   0   0   0
	 -2.1597940313433471115e-08 -1.3979340800006293274e-08 -8.8387201880129989228e-08 1.1902231412534455375e-08 3.2508932305849675766e-08 -6.2643600072613525501e-09 -3.5140484199886988432e-08 3.7258919544750488144e-09 1.106632044817607754e-09 -2.7285256996085207285e-08 -1.8110566807754821613e-08   0   0   0   0   0   0   0   0   0   0   0
	 7.9104910597286841538e-09 8.8795522335722322255e-09 1.1902231412534455375e-08 -3.3881550760063350437e-08 -7.8941311798397471962e-09 -4.0710230030130661735e-08 -1.7550991409706931435e-08 -1.6743717574191928716e-08 -3.4299113166737616331e-08 -1.2213884590795308504e-08 8.3667874707996474032e-09   0   0   0   0   0   0   0   0   0   0   0
	 2.1196836820425109705e-08 9.656626954536752552e-09 3.2508932305849675766e-08 -7.8941311798397471962e-09 -1.2375751477874096825e-07 -2.8764914529063037839e-08 -1.1691944578889591697e-07 5.1270359722840685824e-08 8.5747017819141332446e-08 -6.5102046462339584552e-08 4.526395453377804067e-08   0   0   0   0   0   0   0   0   0   0   0
	 -8.558487634583742651e-09 3.5187224954207405315e-09 -6.2643600072613525501e-09 -4.0710230030130661735e-08 -2.8764914529063037839e-08 -4.5072123108519072973e-07 -1.9024446745919674992e-07 -7.9913257391541140178e-08 1.4549871769731676417e-08 4.7171322898334320989e-08 1.0266548247346287112e-07   0   0   0   0   0   0   0   0   0   0   0
	 -1.0555583453596613485e-08 -8.0333695728809301651e-09 -3.5140484199886988432e-08 -1.7550991409706931435e-08 -1.1691944578889591697e-07 -1.9024446745919674992e-07 -2.5680258764618442605e-07 9.8441357412557984037e-08 1.9420813637933375746e-07 -7.0792378096164905446e-08 9.192668932191914317e-09   0   0   0   0   0   0   0   0   0   0   0
	 -9.0158064540930383751e-10 3.6779461785094731075e-09 3.7258919544750488144e-09 -1.6743717574191928716e-08 5.1270359722840685824e-08 -7.9913257391541140178e-08 9.8441357412557984037e-08 -6.4004157153841769766e-07 6.2999660861173890139e-08 7.3570104010464274557e-09 5.0124852206230989146e-08   0   0   0   0   0   0   0   0   0   0   0
	 -8.8523625434167236656e-09 -6.8429791564269485327e-10 1.106632044817607754e-09 -3.4299113166737616331e-08 8.5747017819141332446e-08 1.4549871769731676417e-08 1.9420813637933375746e-07 6.2999660861173890139e-08 -5.3337154290558002283e-07 -1.4659312267491895629e-08 2.298039380079236733e-07   0   0   0   0   0   0   0   0   0   0   0
	 -7.7760106064637180343e-09 -1.1837069449275234135e-11 -2.7285256996085207285e-08 -1.2213884590795308504e-08 -6.5102046462339584552e-08 4.7171322898334320989e-08 -7.0792378096164905446e-08 7.3570104010464274557e-09 -1.4659312267491895629e-08 -7.4574939231821676104e-07 -4.4240991857123564078e-08   0   0   0   0   0   0   0   0   0   0   0
	 -1.1915745686205200538e-08 -8.4188928292176650488e-09 -1.8110566807754821613e-08 8.3667874707996474032e-09 4.526395453377804067e-08 1.0266548247346287112e-07 9.192668932191914317e-09 5.0124852206230989146e-08 2.298039380079236733e-07 -4.4240991857123564078e-08 -2.6570351765328607497e-07   0   0   0   0   0   0   0   0   0   0   0
	   0   0   0   0   0   0   0   0   0   0   0   0   0   0   0   0   0   0   0   0   0   0
	   0   0   0   0   0   0   0   0   0   0   0   0   0   0   0   0   0   0   0   0   0   0
	   0   0   0   0   0   0   0   0   0   0   0   0   0   0   0   0   0   0   0   0   0   0
	   0   0   0   0   0   0   0   0   0   0   0   0   0   0   0   0   0   0   0   0   0   0
	   0   0   0   0   0   0   0   0   0   0   0   0   0   0   0   0   0   0   0   0   0   0
	   0   0   0   0   0   0   0   0   0   0   0   0   0   0   0   0   0   0   0   0   0   0
	   0   0   0   0   0   0   0   0   0   0   0   0   0   0   0   0   0   0   0   0   0   0
	   0   0   0   0   0   0   0   0   0   0   0   0   0   0   0   0   0   0   0   0   0   0
	   0   0   0   0   0   0   0   0   0   0   0   0   0   0   0   0   0   0   0   0   0   0
	   0   0   0   0   0   0   0   0   0   0   0   0   0   0   0   0   0   0   0   0   0   0
	   0   0   0   0   0   0   0   0   0   0   0   0   0   0   0   0   0   0   0   0   0   0
	
22 22	
	 1.1978090554912555878e-08 7.2110251145161691555e-10 4.7865695090877596129e-09 3.7865302883494425673e-09 9.1773880399904345273e-10 -2.773061759699169217e-09 8.6102336443446477101e-10 -3.1489173826652037803e-10 1.8173763523115499756e-10 -3.0956726125569291832e-09 9.3733973432262732795e-10   0   0   0   0   0   0   0   0   0   0   0
	 7.2110251145161691555e-10 -1.7028200011178216039e-09 -1.4081148828291317283e-08 1.370277312355731966e-09 3.7556852902534346895e-10 7.9254794596258640255e-09 -2.7743613321750447982e-09 7.4330311383887063842e-09 6.1125024500236028657e-09 2.9320607460412957095e-09 -7.1293333761975297103e-09   0   0   0   0   0   0   0   0   0   0   0
	 4.7865695090877596129e-09 -1.4081148828291317283e-08 -3.7176710601804212972e-08 1.7983520043163012236e-08 2.5265338229450462266e-08 -6.7624640146635377002e-09 -5.9676667923303835771e-09 7.4560829090978541795e-09 -2.5103721811339608904e-09 -1.8562665193749344857e-08 -7.9652480417923245378e-09   0   0   0   0   0   0   0   0   0   0   0
	 3.7865302883494425673e-09 1.370277312355731966e-09 1.7983520043163012236e-08 -9.7436615554466930775e-09 3.7584262914854807566e-09 -2.7216918499086121218e-08 1.2225328503747657515e-09 -3.7315464380814243263e-08 -1.9006442121528872869e-08 -2.0358059107210814671e-08 1.6341167537386250233e-08   0   0   0   0   0   0   0   0   0   0   0
	 9.1773880399904345273e-10 3.7556852902534346895e-10 2.5265338229450462266e-08 3.7584262914854807566e-09 -4.7133828957330363384e-08 -5.2250528583359562394e-08 -6.7043422480433205614e-08 -2.6304879428887943757e-08 7.3009775926135508962e-08 -3.7182025771915471172e-08 1.2912442819716042417e-08   0   0   0   0   0   0   0   0   0   0   0
	 -2.773061759699169217e-09 7.9254794596258640255e-09 -6.7624640146635377002e-09 -2.7216918499086121218e-08 -5.2250528583359562394e-08 -1.0660471509233742318e-07 -6.9477801407508465381e-08 -1.1912778816852108762e-07 3.4881162234466579825e-08 -1.2779726892794061673e-07 3.7984541649650303741e-08   0   0   0   0   0   0   0   0   0   0   0
	 8.6102336443446477101e-10 -2.7743613321750447982e-09 -5.9676667923303835771e-09 1.2225328503747657515e-09 -6.7043422480433205614e-08 -6.9477801407508465381e-08 -1.2093414982388806381e-07 -2.2144621878143229011e-08 1.4439907559066656954e-07 -9.354379355206286596e-08 -1.9203871209392040032e-08   0   0   0   0   0   0   0   0   0   0   0
