19
22 22	
	   0   0   0   0   0   0   0   0   0   0   0   0   0   0   0   0   0   0   0   0   0   0
	   0   0   0   0   0   0   0   0   0   0   0   0   0   0   0   0   0   0   0   0   0   0
	   0   0   0   0   0   0   0   0   0   0   0   0   0   0   0   0   0   0   0   0   0   0
	   0   0   0   0   0   0   0   0   0   0   0   0   0   0   0   0   0   0   0   0   0   0
	   0   0   0   0   0   0   0   0   0   0   0   0   0   0   0   0   0   0   0   0   0   0
	   0   0   0   0   0   0   0   0   0   0   0   0   0   0   0   0   0   0   0   0   0   0
	   0   0   0   0   0   0   0   0   0   0   0   0   0   0   0   0   0   0   0   0   0   0
	   0   0   0   0   0   0   0   0   0   0   0   0   0   0   0   0   0   0   0   0   0   0
	   0   0   0   0   0   0   0   0   0   0   0   0   0   0   0   0   0   0   0   0   0   0
	   0   0   0   0   0   0   0   0   0   0   0   0   0   0   0   0   0   0   0   0   0   0
	   0   0   0   0   0   0   0   0   0   0   0   0   0   0   0   0   0   0   0   0   0   0
	   0   0   0   0   0   0   0   0   0   0   0 1.8224479041273535795 -0.0028561699412393616072 -1.151052780919956442 -1.2095906615048528376 -0.33183252234105264922 1.3969190711675407712 -0.38150448750879900617 -1.3004287515184405066 -0.073953180593716194569 0.82125384335381523826 -0.71992539556346391016
	   0   0   0   0   0   0   0   0   0   0   0 -0.0028561699412393616072 1.4260274982323641879 -0.23580538424586616753 -0.30997881128867449396 -1.0590396774219978937 0.73162757408248757507 0.78634645107846956602 1.3268490461239594858 -0.81365762612782799312 0.39224309922888139779 -0.17397253369818388435
	   0   0   0   0   0   0   0   0   0   0   0 -1.151052780919956442 -0.23580538424586616753 5.2992650870593802637 -3.4731142274065542885 0.50175246399388151453 -11.089494518907651255 -2.8299067205623669174 5.3076677865232753106 -6.8981705585866288644 0.73561315862721288195 1.6425911244951767465
	   0   0   0   0   0   0   0   0   0   0   0 -1.2095906615048528376 -0.30997881128867449396 -3.4731142274065542885 12.940582394072920991 10.403540699890841736 39.729222680837644077 33.52566830122506758 11.026981222449581566 21.216448944887439154 -2.9793821924279750846 -41.801478662961010002
	   0   0   0   0   0   0   0   0   0   0   0 -0.33183252234105264922 -1.0590396774219978937 0.50175246399388151453 10.403540699890841736 78.003743429911693852 80.086052676671158679 210.97901187336469775 -97.339426388006117463 -244.50672987002559466 36.665443262517307232 0.25517094233907128276
	   0   0   0   0   0   0   0   0   0   0   0 1.3969190711675407712 0.73162757408248757507 -11.089494518907651255 39.729222680837644077 80.086052676671158679 968.60668955573567018 1003.9163086513722192 379.85256273723837239 -560.58271685964109565 -449.98811314266788486 -529.40774267234053241
	   0   0   0   0   0   0   0   0   0   0   0 -0.38150448750879900617 0.78634645107846956602 -2.8299067205623669174 33.52566830122506758 210.97901187336469775 1003.9163086513722192 1350.8256960500887089 39.598795021056631072 -1243.5154388035441571 -370.82165273127759519 -248.93328895627865904
	   0   0   0   0   0   0   0   0   0   0   0 -1.3004287515184405066 1.3268490461239594858 5.3076677865232753106 11.026981222449581566 -97.339426388006117463 379.85256273723837239 39.598795021056631072 2984.8530316559367748 42.321013299298499533 -683.78634829024133523 -1187.9149784970775272
	   0   0   0   0   0   0   0   0   0   0   0 -0.073953180593716194569 -0.81365762612782799312 -6.8981705585866288644 21.216448944887439154 -244.50672987002559466 -560.58271685964109565 -1243.5154388035441571 42.321013299298499533 2721.2595856290986376 525.12905820602588847 -1150.3115021597452596
	   0   0   0   0   0   0   0   0   0   0   0 0.82125384335381523826 0.39224309922888139779 0.73561315862721288195 -2.9793821924279750846 36.665443262517307232 -449.98811314266788486 -370.82165273127759519 -683.78634829024133523 525.12905820602588847 1006.5701080588022478 56.696412510496642767
	   0   0   0   0   0   0   0   0   0   0   0 -0.71992539556346391016 -0.17397253369818388435 1.6425911244951767465 -41.801478662961010002 0.25517094233907128276 -529.40774267234053241 -248.93328895627865904 -1187.9149784970775272 -1150.3115021597452596 56.696412510496642767 1795.9994050274599431
	
22 22	
	   0   0   0   0   0   0   0   0   0   0   0   0   0   0   0   0   0   0   0   0   0   0
	   0   0   0   0   0   0   0   0   0   0   0   0   0   0   0   0   0   0   0   0   0   0
	   0   0   0   0   0   0   0   0   0   0   0   0   0   0   0   0   0   0   0   0   0   0
	   0   0   0   0   0   0   0   0   0   0   0   0   0   0   0   0   0   0   0   0   0   0
	   0   0   0   0   0   0   0   0   0   0   0   0   0   0   0   0   0   0   0   0   0   0
	   0   0   0   0   0   0   0   0   0   0   0   0   0   0   0   0   0   0   0   0   0   0
	   0   0   0   0   0   0   0   0   0   0   0   0   0   0   0   0   0   0   0   0   0   0
	   0   0   0   0   0   0   0   0   0   0   0   0   0   0   0   0   0   0   0   0   0   0
	   0   0   0   0   0   0   0   0   0   0   0   0   0   0   0   0   0   0   0   0   0   0
	   0   0   0   0   0   0   0   0   0   0   0   0   0   0   0   0   0   0   0   0   0   0
	   0   0   0   0   0   0   0   0   0   0   0   0   0   0   0   0   0   0   0   0   0   0
	   0   0   0   0   0   0   0   0   0   0   0 2.1377391965166010479 0.048922730756766216742 -1.3587301819963384375 -1.4524867129523812981 -0.56507495659479767269 1.6712343250952814699 -0.71810034256410060216 -0.82109101223020053428 0.30275222080692948401 1.0808984956477292183 -0.99054363407326584401
	   0   0   0   0   0   0   0   0   0   0   0 0.048922730756766216742 1.6071498761900964158 -0.36256799558352581503 -0.31362664022159264521 -0.96897237449777995355 1.0158657627937499601 1.4650677446713813445 0.18185586474527196121 -1.583246860793440236 0.19572411366402436839 0.00031405947053103150596
	   0   0   0   0   0   0   0   0   0   0   0 -1.3587301819963384375 -0.36256799558352581503 5.7677280710826073218 -3.5092313700374275776 1.289601434205301933 -11.17374599505355981 -0.99362670777863160154 -0.18708936798878722518 -9.1410977402206210485 1.3737269996119576554 3.5501409654564479723
	   0   0   0   0   0   0   0   0   0   0   0 -1.4524867129523812981 -0.31362664022159264521 -3.5092313700374275776 13.659670491306849627 10.129823287435087309 41.171503399383936994 32.961203280781340652 22.741979426660172692 24.693261428949675462 -5.9035685377377395966 -47.999785456340980261
	   0   0   0   0   0   0   0   0   0   0   0 -0.56507495659479767269 -0.96897237449777995355 1.289601434205301933 10.129823287435087309 78.1965209893748181 84.365395835747179376 215.58007293574647179 -65.683970337418728036 -255.36234576801641083 27.362687346647550868 -7.2595151213049913252
	   0   0   0   0   0   0   0   0   0   0   0 1.6712343250952814699 1.0158657627937499601 -11.17374599505355981 41.171503399383936994 84.365395835747179376 909.40559335794785056 944.75631236650076517 469.21423844103452439 -527.30744297264550369 -407.18621187742888878 -548.38003920011260561
	   0   0   0   0   0   0   0   0   0   0   0 -0.71810034256410060216 1.4650677446713813445 -0.99362670777863160154 32.961203280781340652 215.58007293574647179 944.75631236650076517 1298.8483414084037122 169.50386055753543246 -1246.6234531191253154 -339.08013789672668281 -261.23368446149595457
	   0   0   0   0   0   0   0   0   0   0   0 -0.82109101223020053428 0.18185586474527196121 -0.18708936798878722518 22.741979426660172692 -65.683970337418728036 469.21423844103452439 169.50386055753543246 2698.7280456861408311 50.890613812421307216 -585.87385877790325139 -1218.5153776246372672
	   0   0   0   0   0   0   0   0   0   0   0 0.30275222080692948401 -1.583246860793440236 -9.1410977402206210485 24.693261428949675462 -255.36234576801641083 -527.30744297264550369 -1246.6234531191253154 50.890613812421307216 2801.1212451672863608 454.20708341364974103 -1205.7574188719950143
	   0   0   0   0   0   0   0   0   0   0   0 1.0808984956477292183 0.19572411366402436839 1.3737269996119576554 -5.9035685377377395966 27.362687346647550868 -407.18621187742888878 -339.08013789672668281 -585.87385877790325139 454.20708341364974103 811.27566658036982972 52.202346169977211332
	   0   0   0   0   0   0   0   0   0   0   0 -0.99054363407326584401 0.00031405947053103150596 3.5501409654564479723 -47.999785456340980261 -7.2595151213049913252 -548.38003920011260561 -261.23368446149595457 -1218.5153776246372672 -1205.7574188719950143 52.202346169977211332 1873.4620728310740105
	
22 22	
	   0   0   0   0   0   0   0   0   0   0   0   0   0   0   0   0   0   0   0   0   0   0
	   0   0   0   0   0   0   0   0   0   0   0   0   0   0   0   0   0   0   0   0   0   0
	   0   0   0   0   0   0   0   0   0   0   0   0   0   0   0   0   0   0   0   0   0   0
	   0   0   0   0   0   0   0   0   0   0   0   0   0   0   0   0   0   0   0   0   0   0
	   0   0   0   0   0   0   0   0   0   0   0   0   0   0   0   0   0   0   0   0   0   0
	   0   0   0   0   0   0   0   0   0   0   0   0   0   0   0   0   0   0   0   0   0   0
	   0   0   0   0   0   0   0   0   0   0   0   0   0   0   0   0   0   0   0   0   0   0
	   0   0   0   0   0   0   0   0   0   0   0   0   0   0   0   0   0   0   0   0   0   0
	   0   0   0   0   0   0   0   0   0   0   0   0   0   0   0   0   0   0   0   0   0   0
	   0   0   0   0   0   0   0   0   0   0   0   0   0   0   0   0   0   0   0   0   0   0
	   0   0   0   0   0   0   0   0   0   0   0   0   0   0   0   0   0   0   0   0   0   0
	   0   0   0   0   0   0   0   0   0   0   0 -1.0667700071239964998 -0.06810602394913986557 0.65682716041277644514 0.75656904127684321271 0.40227900934596594329 -0.90733062237590444976 0.4316461846129485691 0.074151786703423511193 -0.31950998021477211575 -0.59983038959010726021 0.5708497870118700579
	   0   0   0   0   0   0   0   0   0   0   0 -0.06810602394913986557 -0.7541391863322082223 0.23549201056000268473 0.11038288213043147279 0.26509741247297896605 -0.52566153846366026059 -0.97870457993678783293 0.70360994515618746625 1.1192105210465694842 -0.089708260161267205923 -0.17157332967857472084
	   0   0   0   0   0   0   0   0   0   0   0 0.65682716041277644514 0.23549201056000268473 -2.4565678500699057452 1.1235644301477432094 -0.5790922352979797072 -0.020684196640028122693 -3.5543209683915177877 1.6103854990032882011 4.1162523603329912447 0.88290283883699494094 0.087282478653632464272
	   0   0   0   0   0   0   0   0   0   0   0 0.75656904127684321271 0.11038288213043147279 1.1235644301477432094 -4.6967242882225770373 -2.2928284492348569579 -2.4141365436362063335 1.4652735429146410695 -11.749802173912760495 -14.270022576029338879 1.1123578571398831105 11.684298841024371995
	   0   0   0   0   0   0   0   0   0   0   0 0.40227900934596594329 0.26509741247297896605 -0.5790922352979797072 -2.2928284492348569579 -12.97881852885135423 -5.130126750853464479 -23.044658518843895934 -42.655320088479456331 29.504725188081135201 2.6116963145869469543 25.454320736802554137
	   0   0   0   0   0   0   0   0   0   0   0 -0.90733062237590444976 -0.52566153846366026059 -0.020684196640028122693 -2.4141365436362063335 -5.130126750853464479 20.281671250940515705 31.224538594262973845 -69.057734409126766195 -120.9917625275138704 -87.391923406903160298 122.57162531909246184
	   0   0   0   0   0   0   0   0   0   0   0 0.4316461846129485691 -0.97870457993678783293 -3.5543209683915177877 1.4652735429146410695 -23.044658518843895934 31.224538594262973845 -8.9087856326300158827 -118.32659936366674458 0.27243875491099495134 -88.027587251291478765 104.73187946564456752
	   0   0   0   0   0   0   0   0   0   0   0 0.074151786703423511193 0.70360994515618746625 1.6103854990032882011 -11.749802173912760495 -42.655320088479456331 -69.057734409126766195 -118.32659936366674458 334.31463646207066631 -132.53389216845894794 -122.80642200070137449 143.77082407244665774
	   0   0   0   0   0   0   0   0   0   0   0 -0.31950998021477211575 1.1192105210465694842 4.1162523603329912447 -14.270022576029338879 29.504725188081135201 -120.9917625275138704 0.27243875491099495134 -132.53389216845894794 -244.32428424971018899 155.71233372506628712 191.96420472572293647
	   0   0   0   0   0   0   0   0   0   0   0 -0.59983038959010726021 -0.089708260161267205923 0.88290283883699494094 1.1123578571398831105 2.6116963145869469543 -87.391923406903160298 -88.027587251291478765 -122.80642200070137449 155.71233372506628712 119.13705362236031249 -27.443265467209993602
	   0   0   0   0   0   0   0   0   0   0   0 0.5708497870118700579 -0.17157332967857472084 0.087282478653632464272 11.684298841024371995 25.454320736802554137 122.57162531909246184 104.73187946564456752 143.77082407244665774 191.96420472572293647 -27.443265467209993602 -352.9867224771534211
	
22 22	
	   0   0   0   0   0   0   0   0   0   0   0   0   0   0   0   0   0   0   0   0   0   0
	   0   0   0   0   0   0   0   0   0   0   0   0   0   0   0   0   0   0   0   0   0   0
	   0   0   0   0   0   0   0   0   0   0   0   0   0   0   0   0   0   0   0   0   0   0
	   0   0   0   0   0   0   0   0   0   0   0   0   0   0   0   0   0   0   0   0   0   0
	   0   0   0   0   0   0   0   0   0   0   0   0   0   0   0   0   0   0   0   0   0   0
	   0   0   0   0   0   0   0   0   0   0   0   0   0   0   0   0   0   0   0   0   0   0
	   0   0   0   0   0   0   0   0   0   0   0   0   0   0   0   0   0   0   0   0   0   0
	   0   0   0   0   0   0   0   0   0   0   0   0   0   0   0   0   0   0   0   0   0   0
	   0   0   0   0   0   0   0   0   0   0   0   0   0   0   0   0   0   0   0   0   0   0
	   0   0   0   0   0   0   0   0   0   0   0   0   0   0   0   0   0   0   0   0   0   0
	   0   0   0   0   0   0   0   0   0   0   0   0   0   0   0   0   0   0   0   0   0   0
	   0   0   0   0   0   0   0   0   0   0   0 -1.7692176643103638689 -0.087763793151682936711 1.1052717174080375351 1.2374747617402319655 0.54227835474098529112 -1.4697249071777964691 0.50941187834006540491 0.85387009448480333251 -0.17775082547742679373 -0.88022486423350843054 0.71545755551550338502
	   0   0   0   0   0   0   0   0   0   0   0 -0.087763793151682936711 -1.2938092940630507854 0.34750335141262056471 0.16186041752458926735 0.60547577012511621941 -1.1703579411802251808 -1.5147462124491399837 -0.30828175209883740271 1.2503609584101094132 -0.26978389967637578239 0.34762988595187888086
	   0   0   0   0   0   0   0   0   0   0   0 1.1052717174080375351 0.34750335141262056471 -4.32661586319403213 2.267239706668716881 0.34284594190011363768 4.1637310142698398252 0.36385218984793826769 -4.7431970433947663324 1.3993284214943884081 1.2462197725062689191 1.8439121551757970963
	   0   0   0   0   0   0   0   0   0   0   0 1.2374747617402319655 0.16186041752458926735 2.267239706668716881 -8.5357280782530402519 -6.0316358339265807587 -9.5274202785672645888 -7.0203867055462545466 0.10743404896916396163 -14.431696705564245775 -0.10673078316990362857 11.858506415724580307
	   0   0   0   0   0   0   0   0   0   0   0 0.54227835474098529112 0.60547577012511621941 0.34284594190011363768 -6.0316358339265807587 -29.432520088661561886 -13.028494832175935514 -55.43701027331015041 18.582411193779456937 51.704554644140785058 -15.548770522861852683 23.090019476603540483
	   0   0   0   0   0   0   0   0   0   0   0 -1.4697249071777964691 -1.1703579411802251808 4.1637310142698398252 -9.5274202785672645888 -13.028494832175935514 -283.97480115506255061 -273.29236456525467247 -37.245333081270800335 60.289828419499805534 97.346076793797834625 196.52479692313866622
	   0   0   0   0   0   0   0   0   0   0   0 0.50941187834006540491 -1.5147462124491399837 0.36385218984793826769 -7.0203867055462545466 -55.43701027331015041 -273.29236456525467247 -366.02148647954362559 34.997329898142105264 251.19693306505109831 64.712849832728949195 144.62186001998841789
	   0   0   0   0   0   0   0   0   0   0   0 0.85387009448480333251 -0.30828175209883740271 -4.7431970433947663324 0.10743404896916396163 18.582411193779456937 -37.245333081270800335 34.997329898142105264 -683.37706010749377583 -76.158133469148481254 161.13846688936172313 308.1926934973440666
	   0   0   0   0   0   0   0   0   0   0   0 -0.17775082547742679373 1.2503609584101094132 1.3993284214943884081 -14.431696705564245775 51.704554644140785058 60.289828419499805534 251.19693306505109831 -76.158133469148481254 -691.88998391867221471 -66.871602371966915257 343.1543565050496909
	   0   0   0   0   0   0   0   0   0   0   0 -0.88022486423350843054 -0.26978389967637578239 1.2462197725062689191 -0.10673078316990362857 -15.548770522861852683 97.346076793797834625 64.712849832728949195 161.13846688936172313 -66.871602371966915257 -272.35122093221156092 -45.927394722717018283
	   0   0   0   0   0   0   0   0   0   0   0 0.71545755551550338502 0.34762988595187888086 1.8439121551757970963 11.858506415724580307 23.090019476603540483 196.52479692313866622 144.62186001998841789 308.1926934973440666 343.1543565050496909 -45.927394722717018283 -605.08076603603853982
	
22 22	
	   0   0   0   0   0   0   0   0   0   0   0   0   0   0   0   0   0   0   0   0   0   0
	   0   0   0   0   0   0   0   0   0   0   0   0   0   0   0   0   0   0   0   0   0   0
	   0   0   0   0   0   0   0   0   0   0   0   0   0   0   0   0   0   0   0   0   0   0
	   0   0   0   0   0   0   0   0   0   0   0   0   0   0   0   0   0   0   0   0   0   0
	   0   0   0   0   0   0   0   0   0   0   0   0   0   0   0   0   0   0   0   0   0   0
	   0   0   0   0   0   0   0   0   0   0   0   0   0   0   0   0   0   0   0   0   0   0
	   0   0   0   0   0   0   0   0   0   0   0   0   0   0   0   0   0   0   0   0   0   0
	   0   0   0   0   0   0   0   0   0   0   0   0   0   0   0   0   0   0   0   0   0   0
	   0   0   0   0   0   0   0   0   0   0   0   0   0   0   0   0   0   0   0   0   0   0
	   0   0   0   0   0   0   0   0   0   0   0   0   0   0   0   0   0   0   0   0   0   0
	   0   0   0   0   0   0   0   0   0   0   0   0   0   0   0   0   0   0   0   0   0   0
	   0   0   0   0   0   0   0   0   0   0   0 0.11214401819225056078 -0.024559373112523243121 -0.098758143588993471673 -0.039050956359248177596 0.16142459073131962266 0.24457820456628545647 0.45759986299252219943 -1.1198481706562730675 -0.49455151537723052169 -0.17160617827104140964 0.14149911072708712401
	   0   0   0   0   0   0   0   0   0   0   0 -0.024559373112523243121 0.12965867894492413837 0.04823932232193742925 -0.033919741144202236738 -0.32524666773544125276 -0.28494359647190109497 -0.7838063772886476599 1.7382108925942527655 0.82546414139923485198 0.5239201478217321295 -0.23627254128508481945
	   0   0   0   0   0   0   0   0   0   0   0 -0.098758143588993471673 0.04823932232193742925 0.48958999137261000056 -0.48064170682874568508 -1.3006926236917071282 -0.780297109840708214 -2.637173610749816266 9.9099975924132657212 1.9521208740181548169 -1.6563310031980624792 -2.4265787041213093822
	   0   0   0   0   0   0   0   0   0   0   0 -0.039050956359248177596 -0.033919741144202236738 -0.48064170682874568508 1.1830878321767421824 2.1674369097514345484 -0.27745094707008277624 2.3134304141855386305 -16.626719426350025088 0.53340779531406701253 4.7403404446719896725 3.6019568517329645374
	   0   0   0   0   0   0   0   0   0   0   0 0.16142459073131962266 -0.32524666773544125276 -1.3006926236917071282 2.1674369097514345484 7.8122929287538420695 -2.2726451322109877395 9.0440674988875358054 -50.089664036431209126 1.5646751227275397245 18.163209012979880441 2.7371231178091526282
	   0   0   0   0   0   0   0   0   0   0   0 0.24457820456628545647 -0.28494359647190109497 -0.780297109840708214 -0.27745094707008277624 -2.2726451322109877395 140.5775247913972521 139.68011573814123949 -127.64795061360170791 -45.091665419004584692 -91.393385609805648073 -30.340511061253724989
	   0   0   0   0   0   0   0   0   0   0   0 0.45759986299252219943 -0.7838063772886476599 -2.637173610749816266 2.3134304141855386305 9.0440674988875358054 139.68011573814123949 157.44774299301965925 -204.59070750113536974 -48.83128232994524609 -66.57439917379581118 -26.140990214358613031
	   0   0   0   0   0   0   0   0   0   0   0 -1.1198481706562730675 1.7382108925942527655 9.9099975924132657212 -16.626719426350025088 -50.089664036431209126 -127.64795061360170791 -204.59070750113536974 554.30306059705253574 24.342466808742994289 -146.80214649509898095 -24.885631612675766178
	   0   0   0   0   0   0   0   0   0   0   0 -0.49455151537723052169 0.82546414139923485198 1.9521208740181548169 0.53340779531406701253 1.5646751227275397245 -45.091665419004584692 -48.83128232994524609 24.342466808742994289 55.98069775561431527 101.78652392054330278 -8.3497758387213671938
	   0   0   0   0   0   0   0   0   0   0   0 -0.17160617827104140964 0.5239201478217321295 -1.6563310031980624792 4.7403404446719896725 18.163209012979880441 -91.393385609805648073 -66.57439917379581118 -146.80214649509898095 101.78652392054330278 305.52613372161766847 20.68182594937286467
	   0   0   0   0   0   0   0   0   0   0   0 0.14149911072708712401 -0.23627254128508481945 -2.4265787041213093822 3.6019568517329645374 2.7371231178091526282 -30.340511061253724989 -26.140990214358613031 -24.885631612675766178 -8.3497758387213671938 20.68182594937286467 42.735338682350601403
	
22 22	
	   0   0   0   0   0   0   0   0   0   0   0   0   0   0   0   0   0   0   0   0   0   0
	   0   0   0   0   0   0   0   0   0   0   0   0   0   0   0   0   0   0   0   0   0   0
	   0   0   0   0   0   0   0   0   0   0   0   0   0   0   0   0   0   0   0   0   0   0
	   0   0   0   0   0   0   0   0   0   0   0   0   0   0   0   0   0   0   0   0   0   0
	   0   0   0   0   0   0   0   0   0   0   0   0   0   0   0   0   0   0   0   0   0   0
	   0   0   0   0   0   0   0   0   0   0   0   0   0   0   0   0   0   0   0   0   0   0
	   0   0   0   0   0   0   0   0   0   0   0   0   0   0   0   0   0   0   0   0   0   0
	   0   0   0   0   0   0   0   0   0   0   0   0   0   0   0   0   0   0   0   0   0   0
	   0   0   0   0   0   0   0   0   0   0   0   0   0   0   0   0   0   0   0   0   0   0
	   0   0   0   0   0   0   0   0   0   0   0   0   0   0   0   0   0   0   0   0   0   0
	   0   0   0   0   0   0   0   0   0   0   0   0   0   0   0   0   0   0   0   0   0   0
	   0   0   0   0   0   0   0   0   0   0   0 2.8706593119479677512 0.15631046214495222801 -1.7772555602113859763 -2.0253482542356424645 -0.9255217390530471322 2.3283983434643018562 -0.9259297419544029184 -1.1140198818390392166 0.28868645693872074798 1.5153743591816200009 -1.1275212995718384423
	   0   0   0   0   0   0   0   0   0   0   0 0.15631046214495222801 2.0948591172925032922 -0.59489198346049954047 -0.25742888520480261549 -1.0219068064020315756 2.0377215013365317375 2.4546638236421056689 0.24915132636949033351 -1.598105393658851181 0.22511780392088584501 -0.84893538162885828768
	   0   0   0   0   0   0   0   0   0   0   0 -1.7772555602113859763 -0.59489198346049954047 7.0123440715814444602 -3.6863063447494250902 -0.1749821517319781472 -8.9276156172540215294 -1.7905472794239689627 2.0924498422065020975 -2.582029436315586679 -0.961758698615822194 0.24053054267434864633
	   0   0   0   0   0   0   0   0   0   0   0 -2.0253482542356424645 -0.25742888520480261549 -3.6863063447494250902 13.990848888753125934 10.253664899066714966 22.025899628892489091 18.507080557933029752 8.3676828342345874745 15.98561737999528809 -2.394130137678577519 -22.449888568716698245
	   0   0   0   0   0   0   0   0   0   0   0 -0.9255217390530471322 -1.0219068064020315756 -0.1749821517319781472 10.253664899066714966 53.159587542523382808 34.814948746065660146 114.72597668648727165 -41.281933756447841688 -126.46954404719663501 19.932116850273430941 -16.618447679542999396
	   0   0   0   0   0   0   0   0   0   0   0 2.3283983434643018562 2.0377215013365317375 -8.9276156172540215294 22.025899628892489091 34.814948746065660146 569.86971489424513493 565.63715766786481254 201.53500480425446995 -255.82243065401729609 -223.70094062816139058 -333.13743101218648235
	   0   0   0   0   0   0   0   0   0   0   0 -0.9259297419544029184 2.4546638236421056689 -1.7905472794239689627 18.507080557933029752 114.72597668648727165 565.63715766786481254 752.91445684370046365 34.298242304353578902 -639.78864043550606766 -177.11340317942401157 -194.44237760263345649
	   0   0   0   0   0   0   0   0   0   0   0 -1.1140198818390392166 0.24915132636949033351 2.0924498422065020975 8.3676828342345874745 -41.281933756447841688 201.53500480425446995 34.298242304353578902 1516.9588327214651144 59.842118614313072555 -370.97851495523207177 -667.9269457620475805
	   0   0   0   0   0   0   0   0   0   0   0 0.28868645693872074798 -1.598105393658851181 -2.582029436315586679 15.98561737999528809 -126.46954404719663501 -255.82243065401729609 -639.78864043550606766 59.842118614313072555 1507.6580490930455198 238.09820022157947506 -683.25195781742854706
	   0   0   0   0   0   0   0   0   0   0   0 1.5153743591816200009 0.22511780392088584501 -0.961758698615822194 -2.394130137678577519 19.932116850273430941 -223.70094062816139058 -177.11340317942401157 -370.97851495523207177 238.09820022157947506 522.39616787128636588 53.13785961537919178
	   0   0   0   0   0   0   0   0   0   0   0 -1.1275212995718384423 -0.84893538162885828768 0.24053054267434864633 -22.449888568716698245 -16.618447679542999396 -333.13743101218648235 -194.44237760263345649 -667.9269457620475805 -683.25195781742854706 53.13785961537919178 1120.221330640765018
	
22 22	
	   0   0   0   0   0   0   0   0   0   0   0   0   0   0   0   0   0   0   0   0   0   0
	   0   0   0   0   0   0   0   0   0   0   0   0   0   0   0   0   0   0   0   0   0   0
	   0   0   0   0   0   0   0   0   0   0   0   0   0   0   0   0   0   0   0   0   0   0
	   0   0   0   0   0   0   0   0   0   0   0   0   0   0   0   0   0   0   0   0   0   0
	   0   0   0   0   0   0   0   0   0   0   0   0   0   0   0   0   0   0   0   0   0   0
	   0   0   0   0   0   0   0   0   0   0   0   0   0   0   0   0   0   0   0   0   0   0
	   0   0   0   0   0   0   0   0   0   0   0   0   0   0   0   0   0   0   0   0   0   0
	   0   0   0   0   0   0   0   0   0   0   0   0   0   0   0   0   0   0   0   0   0   0
	   0   0   0   0   0   0   0   0   0   0   0   0   0   0   0   0   0   0   0   0   0   0
	   0   0   0   0   0   0   0   0   0   0   0   0   0   0   0   0   0   0   0   0   0   0
	   0   0   0   0   0   0   0   0   0   0   0   0   0   0   0   0   0   0   0   0   0   0
	   0   0   0   0   0   0   0   0   0   0   0 0.023394460707167490099 0.001221035464823894091 -0.012508269520951315751 -0.019090194362383825638 -0.0021210629701939823916 -0.0080018342230776858676 -0.010237194266854139288 -0.050839292809405842166 -0.056579572620200795086 0.024457536879015660813 0.052766227832761893046
	   0   0   0   0   0   0   0   0   0   0   0 0.001221035464823894091 0.020468575857994227019 -0.0080010978475817048916 0.004056235603150040378 -0.046870326551099496248 0.10886894164981855693 -0.0056153833505887228161 0.23901981009084799501 0.26179826839070996503 -0.045067461469314278044 -0.27596941932072160952
	   0   0   0   0   0   0   0   0   0   0   0 -0.012508269520951315751 -0.0080010978475817048916 0.084341026661278101217 -0.072362937864478074634 -0.034624768806641822994 -1.1434944635541979263 -1.039513461201361233 -1.3011399113259332072 0.7179515363138977424 0.37563840973371320775 0.75218198885190101777
	   0   0   0   0   0   0   0   0   0   0   0 -0.019090194362383825638 0.004056235603150040378 -0.072362937864478074634 0.20432643366177868915 0.44788385113893125489 2.5525007732658764326 3.2106693975675040242 0.99044790172735630573 -3.9619002970914576345 -0.79172060447386216619 0.39304837670800135685
	   0   0   0   0   0   0   0   0   0   0   0 -0.0021210629701939823916 -0.046870326551099496248 -0.034624768806641822994 0.44788385113893125489 2.8619363808082867173 4.3014199975509352925 9.6834985141656755303 -13.581752787385106274 -15.504744932508170763 -0.83887732920340229992 10.479883475567978834
	   0   0   0   0   0   0   0   0   0   0   0 -0.0080018342230776858676 0.10886894164981855693 -1.1434944635541979263 2.5525007732658764326 4.3014199975509352925 66.40242087304073948 70.4350646356119654 45.9274373390581232 -79.320490833830533006 -41.432908412508595575 -2.1887585518857504141
	   0   0   0   0   0   0   0   0   0   0   0 -0.010237194266854139288 -0.0056153833505887228161 -1.039513461201361233 3.2106693975675040242 9.6834985141656755303 70.4350646356119654 84.937970163769477949 12.186973754356744237 -104.05237092216898986 -42.189555803474156903 19.921269252018653617
	   0   0   0   0   0   0   0   0   0   0   0 -0.050839292809405842166 0.23901981009084799501 -1.3011399113259332072 0.99044790172735630573 -13.581752787385106274 45.9274373390581232 12.186973754356744237 250.86154697701786631 -30.48371051016302502 -66.895947676025713236 -67.143949879660539182
	   0   0   0   0   0   0   0   0   0   0   0 -0.056579572620200795086 0.26179826839070996503 0.7179515363138977424 -3.9619002970914576345 -15.504744932508170763 -79.320490833830533006 -104.05237092216898986 -30.48371051016302502 158.4279048300233228 72.783690365533288968 -46.80844223012091021
	   0   0   0   0   0   0   0   0   0   0   0 0.024457536879015660813 -0.045067461469314278044 0.37563840973371320775 -0.79172060447386216619 -0.83887732920340229992 -41.432908412508595575 -42.189555803474156903 -66.895947676025713236 72.783690365533288968 67.851110869724507779 -7.9423134487475666177
	   0   0   0   0   0   0   0   0   0   0   0 0.052766227832761893046 -0.27596941932072160952 0.75218198885190101777 0.39304837670800135685 10.479883475567978834 -2.1887585518857504141 19.921269252018653617 -67.143949879660539182 -46.80844223012091021 -7.9423134487475666177 47.493298993982818956
	
22 22	
	   0   0   0   0   0   0   0   0   0   0   0   0   0   0   0   0   0   0   0   0   0   0
	   0   0   0   0   0   0   0   0   0   0   0   0   0   0   0   0   0   0   0   0   0   0
	   0   0   0   0   0   0   0   0   0   0   0   0   0   0   0   0   0   0   0   0   0   0
	   0   0   0   0   0   0   0   0   0   0   0   0   0   0   0   0   0   0   0   0   0   0
	   0   0   0   0   0   0   0   0   0   0   0   0   0   0   0   0   0   0   0   0   0   0
	   0   0   0   0   0   0   0   0   0   0   0   0   0   0   0   0   0   0   0   0   0   0
	   0   0   0   0   0   0   0   0   0   0   0   0   0   0   0   0   0   0   0   0   0   0
	   0   0   0   0   0   0   0   0   0   0   0   0   0   0   0   0   0   0   0   0   0   0
	   0   0   0   0   0   0   0   0   0   0   0   0   0   0   0   0   0   0   0   0   0   0
	   0   0   0   0   0   0   0   0   0   0   0   0   0   0   0   0   0   0   0   0   0   0
	   0   0   0   0   0   0   0   0   0   0   0   0   0   0   0   0   0   0   0   0   0   0
	   0   0   0   0   0   0   0   0   0   0   0 0.06736149532427558595 0.0080560326540213330476 -0.037746590893295434155 -0.049407391279265577833 -0.020728945559597665438 0.071280614105033571204 0.0079804081212384685162 -0.021847760501228913332 -0.029322658137436705822 0.039628311494442972074 -0.024886359403929171619
	   0   0   0   0   0   0   0   0   0   0   0 0.0080560326540213330476 0.052488455395312313967 -0.018348866988111549314 -0.014751896095516185692 -0.069704557248553997151 -0.0067365772079281240406 -0.079582401298025323699 -0.016541813700708417334 0.13952095415089282859 0.0027132133186575212863 -0.0017628279199517896732
	   0   0   0   0   0   0   0   0   0   0   0 -0.037746590893295434155 -0.018348866988111549314 0.17379431764378613923 -0.11426992879681434345 0.053526002037376438358 -0.79842448600477955445 -0.39799266414804501668 -0.80109863864853791959 -0.50661714079519803988 0.12422829262795069549 1.0172288610597526315
	   0   0   0   0   0   0   0   0   0   0   0 -0.049407391279265577833 -0.014751896095516185692 -0.11426992879681434345 0.4541340258005988062 0.51091611293372563019 2.5733106715599753933 2.6618219226498078811 2.1211153454097453341 -0.85825521472365295939 -0.39397057943940827496 -2.3804074429688095726
	   0   0   0   0   0   0   0   0   0   0   0 -0.020728945559597665438 -0.069704557248553997151 0.053526002037376438358 0.51091611293372563019 3.6366412495497564272 5.5554523966842399574 11.992366782579752638 -5.2312719370549576325 -16.927315984090061107 0.24256435485951138853 4.4189482148270391448
	   0   0   0   0   0   0   0   0   0   0   0 0.071280614105033571204 -0.0067365772079281240406 -0.79842448600477955445 2.5733106715599753933 5.5554523966842399574 53.434692240548493203 58.069157470761439299 35.102766746288402544 -49.834326615841192165 -29.681857498022957031 -20.241017132836788051
	   0   0   0   0   0   0   0   0   0   0   0 0.0079804081212384685162 -0.079582401298025323699 -0.39799266414804501668 2.6618219226498078811 11.992366782579752638 58.069157470761439299 77.060478924899399544 14.04326278977428899 -86.624846372605290412 -28.789896705383856812 -0.083728686798253085244
	   0   0   0   0   0   0   0   0   0   0   0 -0.021847760501228913332 -0.016541813700708417334 -0.80109863864853791959 2.1211153454097453341 -5.2312719370549576325 35.102766746288402544 14.04326278977428899 180.30025536522947505 -7.4683019612000709486 -42.576786943168542621 -72.359466356567480716
	   0   0   0   0   0   0   0   0   0   0   0 -0.029322658137436705822 0.13952095415089282859 -0.50661714079519803988 -0.85825521472365295939 -16.927315984090061107 -49.834326615841192165 -86.624846372605290412 -7.4683019612000709486 159.76570791957615825 46.19917078663871024 -58.999634550617599871
	   0   0   0   0   0   0   0   0   0   0   0 0.039628311494442972074 0.0027132133186575212863 0.12422829262795069549 -0.39397057943940827496 0.24256435485951138853 -29.681857498022957031 -28.789896705383856812 -42.576786943168542621 46.19917078663871024 58.984302435650697305 -3.0364328208147828292
	   0   0   0   0   0   0   0   0   0   0   0 -0.024886359403929171619 -0.0017628279199517896732 1.0172288610597526315 -2.3804074429688095726 4.4189482148270391448 -20.241017132836788051 -0.083728686798253085244 -72.359466356567480716 -58.999634550617599871 -3.0364328208147828292 82.778481570315435079
	
22 22	
	   0   0   0   0   0   0   0   0   0   0   0   0   0   0   0   0   0   0   0   0   0   0
	   0   0   0   0   0   0   0   0   0   0   0   0   0   0   0   0   0   0   0   0   0   0
	   0   0   0   0   0   0   0   0   0   0   0   0   0   0   0   0   0   0   0   0   0   0
	   0   0   0   0   0   0   0   0   0   0   0   0   0   0   0   0   0   0   0   0   0   0
	   0   0   0   0   0   0   0   0   0   0   0   0   0   0   0   0   0   0   0   0   0   0
	   0   0   0   0   0   0   0   0   0   0   0   0   0   0   0   0   0   0   0   0   0   0
	   0   0   0   0   0   0   0   0   0   0   0   0   0   0   0   0   0   0   0   0   0   0
	   0   0   0   0   0   0   0   0   0   0   0   0   0   0   0   0   0   0   0   0   0   0
	   0   0   0   0   0   0   0   0   0   0   0   0   0   0   0   0   0   0   0   0   0   0
	   0   0   0   0   0   0   0   0   0   0   0   0   0   0   0   0   0   0   0   0   0   0
	   0   0   0   0   0   0   0   0   0   0   0   0   0   0   0   0   0   0   0   0   0   0
	   0   0   0   0   0   0   0   0   0   0   0 0.012596511271950560501 -0.0012884207064964654701 -0.0071949555081478712773 -0.012205060701621488553 -0.012828574932039578035 -0.031414907671916986187 -0.059495799911909445779 0.064019323007075537579 0.031891204534042164043 0.0082823521782204260339 -0.013969056395057567049
	   0   0   0   0   0   0   0   0   0   0   0 -0.0012884207064964654701 0.013108338837591611281 -0.0034206342106941514496 0.014170284591824018616 0.039391676311343715167 0.19580115955959850882 0.26528932022637546906 -0.18649381609025092454 -0.20308262244060190649 -0.069961148604468476053 0.025842907679263137088
	   0   0   0   0   0   0   0   0   0   0   0 -0.0071949555081478712773 -0.0034206342106941514496 0.070729725614022534441 -0.091996115842203449176 -0.25295878192755893998 -1.3714502155042700426 -1.7797795479499871618 2.4173109737515967588 1.3092390488349505695 0.20526247945566236663 -0.56946933366342222804
	   0   0   0   0   0   0   0   0   0   0   0 -0.012205060701621488553 0.014170284591824018616 -0.091996115842203449176 0.21024167665040180419 0.45289741716200160315 1.7741022243173207862 2.4998993727094442896 -6.5523030294588622269 -1.0610910636270798335 0.5497001386172262194 1.4837991837374528981
	   0   0   0   0   0   0   0   0   0   0   0 -0.012828574932039578035 0.039391676311343715167 -0.25295878192755893998 0.45289741716200160315 0.98248607982692603979 1.3094024553792382726 2.4747495331535067642 -23.071557390259208375 7.5640092652002337559 8.7353565026014479145 -0.35401472826499047475
	   0   0   0   0   0   0   0   0   0   0   0 -0.031414907671916986187 0.19580115955959850882 -1.3714502155042700426 1.7741022243173207862 1.3094024553792382726 95.981456599449856526 98.217416275085312805 -46.650065951429660061 -69.792056293285085644 -85.663617002896003783 1.6997952114424759174
	   0   0   0   0   0   0   0   0   0   0   0 -0.059495799911909445779 0.26528932022637546906 -1.7797795479499871618 2.4998993727094442896 2.4747495331535067642 98.217416275085312805 101.42245018339508533 -83.497402967144907393 -53.4541699176281071 -70.72514428078412152 -2.3417497151557147284
	   0   0   0   0   0   0   0   0   0   0   0 0.064019323007075537579 -0.18649381609025092454 2.4173109737515967588 -6.5523030294588622269 -23.071557390259208375 -46.650065951429660061 -83.497402967144907393 365.63888051895798981 -64.467278373522916013 -111.41990659649793827 10.53947740193263094
	   0   0   0   0   0   0   0   0   0   0   0 0.031891204534042164043 -0.20308262244060190649 1.3092390488349505695 -1.0610910636270798335 7.5640092652002337559 -69.792056293285085644 -53.4541699176281071 -64.467278373522916013 51.715059364621900784 92.96243537387012168 9.7219940637866404387
	   0   0   0   0   0   0   0   0   0   0   0 0.0082823521782204260339 -0.069961148604468476053 0.20526247945566236663 0.5497001386172262194 8.7353565026014479145 -85.663617002896003783 -70.72514428078412152 -111.41990659649793827 92.96243537387012168 120.24040162993976821 5.23085097993427528
	   0   0   0   0   0   0   0   0   0   0   0 -0.013969056395057567049 0.025842907679263137088 -0.56946933366342222804 1.4837991837374528981 -0.35401472826499047475 1.6997952114424759174 -2.3417497151557147284 10.53947740193263094 9.7219940637866404387 5.23085097993427528 -8.3679436422517934346
	
22 22	
	   0   0   0   0   0   0   0   0   0   0   0   0   0   0   0   0   0   0   0   0   0   0
	   0   0   0   0   0   0   0   0   0   0   0   0   0   0   0   0   0   0   0   0   0   0
	   0   0   0   0   0   0   0   0   0   0   0   0   0   0   0   0   0   0   0   0   0   0
	   0   0   0   0   0   0   0   0   0   0   0   0   0   0   0   0   0   0   0   0   0   0
	   0   0   0   0   0   0   0   0   0   0   0   0   0   0   0   0   0   0   0   0   0   0
	   0   0   0   0   0   0   0   0   0   0   0   0   0   0   0   0   0   0   0   0   0   0
	   0   0   0   0   0   0   0   0   0   0   0   0   0   0   0   0   0   0   0   0   0   0
	   0   0   0   0   0   0   0   0   0   0   0   0   0   0   0   0   0   0   0   0   0   0
	   0   0   0   0   0   0   0   0   0   0   0   0   0   0   0   0   0   0   0   0   0   0
	   0   0   0   0   0   0   0   0   0   0   0   0   0   0   0   0   0   0   0   0   0   0
	   0   0   0   0   0   0   0   0   0   0   0   0   0   0   0   0   0   0   0   0   0   0
	   0   0   0   0   0   0   0   0   0   0   0 0.01921479877366388811 -0.0080862299924240703397 -0.013792177905019705961 -0.012885690091658092565 0.0053825797435665886925 0.026435882931997237155 0.018742364480744726218 -0.046621636900012648763 -0.0057925380945474374411 0.020294118277085878427 -0.033705123750647887626
